   4   4   4
   8
   0.000000000000000E+00   0.000000000000000E+00   0.000000000000000E+00
   0.176776695296637E+00   0.176776695296637E+00  -0.176776695296637E+00
  -0.353553390593274E+00  -0.353553390593274E+00   0.353553390593274E+00
   0.353553390593274E+00   0.000000000000000E+00   0.000000000000000E+00
  -0.176776695296637E+00  -0.530330085889911E+00   0.530330085889911E+00
   0.000000000000000E+00  -0.353553390593274E+00   0.353553390593274E+00
  -0.707106781186548E+00   0.000000000000000E+00   0.000000000000000E+00
  -0.707106781186548E+00   0.353553390593274E+00   0.000000000000000E+00
