Dynamical matrix file
Phonon calculation                                                         
  2    2   0   7.5749673   0.0000000   0.0000000   0.0000000   0.0000000   0.0000000
Basis vectors
      0.000000000    0.707106781    0.707106781
      0.707106781    0.000000000    0.707106781
      0.707106781    0.707106781    0.000000000
           1  'Zn     '    59590.224614443956     
           2  'Se     '    71977.663322533714     
    1    1      0.0000000000      0.0000000000      0.0000000000
    2    2      0.3535533906      0.3535533906      0.3535533906

     Dynamical  Matrix in cartesian axes

     q = (    0.000000000   0.000000000   0.000000000 ) 

    1    1
  0.12480204   0.00000000    -0.00000000   0.00000000     0.00000000   0.00000000
 -0.00000000   0.00000000     0.12480204   0.00000000     0.00000000   0.00000000
  0.00000000   0.00000000     0.00000000   0.00000000     0.12480204   0.00000000
    1    2
 -0.11686654   0.00000000     0.00000000   0.00000000    -0.00000000   0.00000000
  0.00000000   0.00000000    -0.11686654   0.00000000    -0.00000000   0.00000000
  0.00000000   0.00000000     0.00000000   0.00000000    -0.11686654   0.00000000
    2    1
 -0.11686654   0.00000000     0.00000000   0.00000000     0.00000000   0.00000000
  0.00000000   0.00000000    -0.11686654   0.00000000     0.00000000   0.00000000
  0.00000000   0.00000000     0.00000000   0.00000000    -0.11686654   0.00000000
    2    2
  0.12039884   0.00000000    -0.00000000   0.00000000    -0.00000000   0.00000000
 -0.00000000   0.00000000     0.12039884   0.00000000     0.00000000   0.00000000
  0.00000000   0.00000000     0.00000000   0.00000000     0.12039884   0.00000000

     Dielectric Tensor:

          7.253720462287          0.000000000000          0.000000000000
          0.000000000000          7.253720462287         -0.000000000000
          0.000000000000         -0.000000000000          7.253720462287

     Effective Charges E-U: Z_{alpha}{s,beta}

     atom #    1
          2.014905574043          0.000000000000          0.000000000000
          0.000000000000          2.014905574043          0.000000000000
          0.000000000000          0.000000000000          2.014905574043
     atom #    2
         -1.873051328624         -0.000000000000         -0.000000000000
         -0.000000000000         -1.873051328624         -0.000000000000
          0.000000000000         -0.000000000000         -1.873051328624

     Effective Charges U-E: Z_{s,alpha}{beta}

     atom #    1
      0.201523857219E+01      0.888178419700E-15      0.266453525910E-14
      0.266453525910E-14      0.201523857219E+01      0.888178419700E-15
      0.888178419700E-15      0.888178419700E-15      0.201523857219E+01
     atom #    2
     -0.187253201349E+01      0.177635683940E-14     -0.532907051820E-14
      0.000000000000E+00     -0.187253201349E+01      0.355271367880E-14
      0.000000000000E+00      0.355271367880E-14     -0.187253201349E+01

     Diagonalizing the dynamical matrix

     q = (    0.000000000   0.000000000   0.000000000 ) 

 **************************************************************************
     freq (    1) =       0.968549 [THz] =      32.307334 [cm-1]
 (  0.133538 -0.000000  0.558195 -0.000000 -0.398589  0.000000 ) 
 (  0.136703 -0.000000  0.571428 -0.000000 -0.408038  0.000000 ) 
     freq (    2) =       0.968549 [THz] =      32.307334 [cm-1]
 (  0.364725  0.000000 -0.401692  0.000000 -0.440348  0.000000 ) 
 (  0.373372  0.000000 -0.411214  0.000000 -0.450787  0.000000 ) 
     freq (    3) =       0.968549 [THz] =      32.307334 [cm-1]
 (  0.580887  0.000000  0.123891  0.000000  0.368114  0.000000 ) 
 (  0.594658  0.000000  0.126828  0.000000  0.376841  0.000000 ) 
     freq (    4) =       6.311343 [THz] =     210.523754 [cm-1]
 (  0.138547 -0.000000 -0.341667  0.000000 -0.684580  0.000000 ) 
 ( -0.112047  0.000000  0.276315 -0.000000  0.553638 -0.000000 ) 
     freq (    5) =       6.311343 [THz] =     210.523754 [cm-1]
 (  0.720559  0.000000  0.292190  0.000000 -0.000000  0.000000 ) 
 ( -0.582736  0.000000 -0.236302  0.000000  0.000000  0.000000 ) 
     freq (    6) =       6.311343 [THz] =     210.523754 [cm-1]
 (  0.257254  0.000000 -0.634405  0.000000  0.368689  0.000000 ) 
 ( -0.208048  0.000000  0.513060  0.000000 -0.298169  0.000000 ) 
 **************************************************************************
