Dynamical matrix file
Phonon calculation                                                         
  2    2   0   7.5749673   0.0000000   0.0000000   0.0000000   0.0000000   0.0000000
Basis vectors
      0.000000000    0.707106781    0.707106781
      0.707106781    0.000000000    0.707106781
      0.707106781    0.707106781    0.000000000
           1  'Zn     '    59590.224614443956     
           2  'Se     '    71977.663322533714     
    1    1      0.0000000000      0.0000000000      0.0000000000
    2    2      0.3535533906      0.3535533906      0.3535533906

     Dynamical  Matrix in cartesian axes

     q = (    0.176776695   0.176776695  -0.176776695 ) 

    1    1
  0.13224835   0.00000000     0.01909493   0.00000000    -0.01909493   0.00000000
  0.01909493   0.00000000     0.13224835   0.00000000    -0.01909493   0.00000000
 -0.01909493   0.00000000    -0.01909493   0.00000000     0.13224835   0.00000000
    1    2
 -0.09482710   0.03663639     0.01754455   0.03132729    -0.01754455  -0.03132729
  0.01754455   0.03132729    -0.09482710   0.03663639    -0.01754455  -0.03132729
 -0.01754455  -0.03132729    -0.01754455  -0.03132729    -0.09482710   0.03663639
    2    1
 -0.09482710  -0.03663639     0.01754455  -0.03132729    -0.01754455   0.03132729
  0.01754455  -0.03132729    -0.09482710  -0.03663639    -0.01754455   0.03132729
 -0.01754455   0.03132729    -0.01754455   0.03132729    -0.09482710  -0.03663639
    2    2
  0.15578713   0.00000000     0.02082942   0.00000000    -0.02082942   0.00000000
  0.02082942   0.00000000     0.15578713   0.00000000    -0.02082942   0.00000000
 -0.02082942   0.00000000    -0.02082942   0.00000000     0.15578713   0.00000000

     Dynamical  Matrix in cartesian axes

     q = (   -0.176776695  -0.176776695   0.176776695 ) 

    1    1
  0.13224835  -0.00000000     0.01909493  -0.00000000    -0.01909493  -0.00000000
  0.01909493  -0.00000000     0.13224835  -0.00000000    -0.01909493  -0.00000000
 -0.01909493  -0.00000000    -0.01909493  -0.00000000     0.13224835  -0.00000000
    1    2
 -0.09482710  -0.03663639     0.01754455  -0.03132729    -0.01754455   0.03132729
  0.01754455  -0.03132729    -0.09482710  -0.03663639    -0.01754455   0.03132729
 -0.01754455   0.03132729    -0.01754455   0.03132729    -0.09482710  -0.03663639
    2    1
 -0.09482710   0.03663639     0.01754455   0.03132729    -0.01754455  -0.03132729
  0.01754455   0.03132729    -0.09482710   0.03663639    -0.01754455  -0.03132729
 -0.01754455  -0.03132729    -0.01754455  -0.03132729    -0.09482710   0.03663639
    2    2
  0.15578713  -0.00000000     0.02082942  -0.00000000    -0.02082942  -0.00000000
  0.02082942  -0.00000000     0.15578713  -0.00000000    -0.02082942  -0.00000000
 -0.02082942  -0.00000000    -0.02082942  -0.00000000     0.15578713  -0.00000000

     Dynamical  Matrix in cartesian axes

     q = (   -0.176776695   0.176776695   0.176776695 ) 

    1    1
  0.13224835   0.00000000    -0.01909493   0.00000000    -0.01909493   0.00000000
 -0.01909493   0.00000000     0.13224835   0.00000000     0.01909493   0.00000000
 -0.01909493   0.00000000     0.01909493   0.00000000     0.13224835   0.00000000
    1    2
 -0.09482710   0.03663639    -0.01754455  -0.03132729    -0.01754455  -0.03132729
 -0.01754455  -0.03132729    -0.09482710   0.03663639     0.01754455   0.03132729
 -0.01754455  -0.03132729     0.01754455   0.03132729    -0.09482710   0.03663639
    2    1
 -0.09482710  -0.03663639    -0.01754455   0.03132729    -0.01754455   0.03132729
 -0.01754455   0.03132729    -0.09482710  -0.03663639     0.01754455  -0.03132729
 -0.01754455   0.03132729     0.01754455  -0.03132729    -0.09482710  -0.03663639
    2    2
  0.15578713   0.00000000    -0.02082942   0.00000000    -0.02082942   0.00000000
 -0.02082942   0.00000000     0.15578713   0.00000000     0.02082942   0.00000000
 -0.02082942   0.00000000     0.02082942   0.00000000     0.15578713   0.00000000

     Dynamical  Matrix in cartesian axes

     q = (    0.176776695  -0.176776695  -0.176776695 ) 

    1    1
  0.13224835  -0.00000000    -0.01909493  -0.00000000    -0.01909493  -0.00000000
 -0.01909493  -0.00000000     0.13224835  -0.00000000     0.01909493  -0.00000000
 -0.01909493  -0.00000000     0.01909493  -0.00000000     0.13224835  -0.00000000
    1    2
 -0.09482710  -0.03663639    -0.01754455   0.03132729    -0.01754455   0.03132729
 -0.01754455   0.03132729    -0.09482710  -0.03663639     0.01754455  -0.03132729
 -0.01754455   0.03132729     0.01754455  -0.03132729    -0.09482710  -0.03663639
    2    1
 -0.09482710   0.03663639    -0.01754455  -0.03132729    -0.01754455  -0.03132729
 -0.01754455  -0.03132729    -0.09482710   0.03663639     0.01754455   0.03132729
 -0.01754455  -0.03132729     0.01754455   0.03132729    -0.09482710   0.03663639
    2    2
  0.15578713  -0.00000000    -0.02082942  -0.00000000    -0.02082942  -0.00000000
 -0.02082942  -0.00000000     0.15578713  -0.00000000     0.02082942  -0.00000000
 -0.02082942  -0.00000000     0.02082942  -0.00000000     0.15578713  -0.00000000

     Dynamical  Matrix in cartesian axes

     q = (   -0.176776695  -0.176776695  -0.176776695 ) 

    1    1
  0.13224835   0.00000000     0.01909493   0.00000000     0.01909493   0.00000000
  0.01909493   0.00000000     0.13224835   0.00000000     0.01909493   0.00000000
  0.01909493   0.00000000     0.01909493   0.00000000     0.13224835   0.00000000
    1    2
 -0.03663639  -0.09482710    -0.03132729   0.01754455    -0.03132729   0.01754455
 -0.03132729   0.01754455    -0.03663639  -0.09482710    -0.03132729   0.01754455
 -0.03132729   0.01754455    -0.03132729   0.01754455    -0.03663639  -0.09482710
    2    1
 -0.03663639   0.09482710    -0.03132729  -0.01754455    -0.03132729  -0.01754455
 -0.03132729  -0.01754455    -0.03663639   0.09482710    -0.03132729  -0.01754455
 -0.03132729  -0.01754455    -0.03132729  -0.01754455    -0.03663639   0.09482710
    2    2
  0.15578713   0.00000000     0.02082942   0.00000000     0.02082942   0.00000000
  0.02082942   0.00000000     0.15578713   0.00000000     0.02082942   0.00000000
  0.02082942   0.00000000     0.02082942   0.00000000     0.15578713   0.00000000

     Dynamical  Matrix in cartesian axes

     q = (    0.176776695   0.176776695   0.176776695 ) 

    1    1
  0.13224835  -0.00000000     0.01909493  -0.00000000     0.01909493  -0.00000000
  0.01909493  -0.00000000     0.13224835  -0.00000000     0.01909493  -0.00000000
  0.01909493  -0.00000000     0.01909493  -0.00000000     0.13224835  -0.00000000
    1    2
 -0.03663639   0.09482710    -0.03132729  -0.01754455    -0.03132729  -0.01754455
 -0.03132729  -0.01754455    -0.03663639   0.09482710    -0.03132729  -0.01754455
 -0.03132729  -0.01754455    -0.03132729  -0.01754455    -0.03663639   0.09482710
    2    1
 -0.03663639  -0.09482710    -0.03132729   0.01754455    -0.03132729   0.01754455
 -0.03132729   0.01754455    -0.03663639  -0.09482710    -0.03132729   0.01754455
 -0.03132729   0.01754455    -0.03132729   0.01754455    -0.03663639  -0.09482710
    2    2
  0.15578713  -0.00000000     0.02082942  -0.00000000     0.02082942  -0.00000000
  0.02082942  -0.00000000     0.15578713  -0.00000000     0.02082942  -0.00000000
  0.02082942  -0.00000000     0.02082942  -0.00000000     0.15578713  -0.00000000

     Dynamical  Matrix in cartesian axes

     q = (    0.176776695  -0.176776695   0.176776695 ) 

    1    1
  0.13224835   0.00000000    -0.01909493   0.00000000     0.01909493   0.00000000
 -0.01909493   0.00000000     0.13224835   0.00000000    -0.01909493   0.00000000
  0.01909493   0.00000000    -0.01909493   0.00000000     0.13224835   0.00000000
    1    2
 -0.09482710   0.03663639    -0.01754455  -0.03132729     0.01754455   0.03132729
 -0.01754455  -0.03132729    -0.09482710   0.03663639    -0.01754455  -0.03132729
  0.01754455   0.03132729    -0.01754455  -0.03132729    -0.09482710   0.03663639
    2    1
 -0.09482710  -0.03663639    -0.01754455   0.03132729     0.01754455  -0.03132729
 -0.01754455   0.03132729    -0.09482710  -0.03663639    -0.01754455   0.03132729
  0.01754455  -0.03132729    -0.01754455   0.03132729    -0.09482710  -0.03663639
    2    2
  0.15578713   0.00000000    -0.02082942   0.00000000     0.02082942   0.00000000
 -0.02082942   0.00000000     0.15578713   0.00000000    -0.02082942   0.00000000
  0.02082942   0.00000000    -0.02082942   0.00000000     0.15578713   0.00000000

     Dynamical  Matrix in cartesian axes

     q = (   -0.176776695   0.176776695  -0.176776695 ) 

    1    1
  0.13224835  -0.00000000    -0.01909493  -0.00000000     0.01909493  -0.00000000
 -0.01909493  -0.00000000     0.13224835  -0.00000000    -0.01909493  -0.00000000
  0.01909493  -0.00000000    -0.01909493  -0.00000000     0.13224835  -0.00000000
    1    2
 -0.09482710  -0.03663639    -0.01754455   0.03132729     0.01754455  -0.03132729
 -0.01754455   0.03132729    -0.09482710  -0.03663639    -0.01754455   0.03132729
  0.01754455  -0.03132729    -0.01754455   0.03132729    -0.09482710  -0.03663639
    2    1
 -0.09482710   0.03663639    -0.01754455  -0.03132729     0.01754455   0.03132729
 -0.01754455  -0.03132729    -0.09482710   0.03663639    -0.01754455  -0.03132729
  0.01754455   0.03132729    -0.01754455  -0.03132729    -0.09482710   0.03663639
    2    2
  0.15578713  -0.00000000    -0.02082942  -0.00000000     0.02082942  -0.00000000
 -0.02082942  -0.00000000     0.15578713  -0.00000000    -0.02082942  -0.00000000
  0.02082942  -0.00000000    -0.02082942  -0.00000000     0.15578713  -0.00000000

     Diagonalizing the dynamical matrix

     q = (    0.176776695   0.176776695  -0.176776695 ) 

 **************************************************************************
     freq (    1) =       1.353067 [THz] =      45.133451 [cm-1]
 ( -0.249744  0.062840 -0.346365 -0.034676 -0.596109  0.028164 ) 
 ( -0.231286  0.046713 -0.315498 -0.046713 -0.546784  0.000000 ) 
     freq (    2) =       1.353067 [THz] =      45.133451 [cm-1]
 ( -0.403343 -0.365259  0.324175  0.368999 -0.079168  0.003740 ) 
 ( -0.353350 -0.351730  0.280733  0.351730 -0.072617  0.000000 ) 
     freq (    3) =       3.341042 [THz] =     111.445157 [cm-1]
 ( -0.216819  0.360377 -0.216819  0.360377  0.216819 -0.360377 ) 
 ( -0.395539  0.000000 -0.395539 -0.000000  0.395539  0.000000 ) 
     freq (    4) =       6.246107 [THz] =     208.347694 [cm-1]
 (  0.049572 -0.023043  0.497528 -0.002805  0.547100 -0.025848 ) 
 ( -0.045726  0.018684 -0.449180 -0.018684 -0.494906  0.000000 ) 
     freq (    5) =       6.246107 [THz] =     208.347694 [cm-1]
 (  0.603149  0.015298 -0.344546 -0.027516  0.258603 -0.012218 ) 
 ( -0.543740 -0.039528  0.309809  0.039528 -0.233932  0.000000 ) 
     freq (    6) =       7.034386 [THz] =     234.641852 [cm-1]
 (  0.223411 -0.371334  0.223411 -0.371334 -0.223411  0.371334 ) 
 ( -0.381487  0.000000 -0.381487  0.000000  0.381487  0.000000 ) 
 **************************************************************************
