Dynamical matrix file
Phonon calculation                                                         
  2    2   0   7.5749673   0.0000000   0.0000000   0.0000000   0.0000000   0.0000000
Basis vectors
      0.000000000    0.707106781    0.707106781
      0.707106781    0.000000000    0.707106781
      0.707106781    0.707106781    0.000000000
           1  'Zn     '    59590.224614443956     
           2  'Se     '    71977.663322533714     
    1    1      0.0000000000      0.0000000000      0.0000000000
    2    2      0.3535533906      0.3535533906      0.3535533906

     Dynamical  Matrix in cartesian axes

     q = (   -0.353553391  -0.353553391   0.353553391 ) 

    1    1
  0.13300730   0.00000000     0.02110773   0.00000000    -0.02110773   0.00000000
  0.02110773   0.00000000     0.13300730   0.00000000    -0.02110773   0.00000000
 -0.02110773   0.00000000    -0.02110773   0.00000000     0.13300730   0.00000000
    1    2
 -0.05946918   0.00000000     0.05253585   0.00000000    -0.05253585   0.00000000
  0.05253585   0.00000000    -0.05946918   0.00000000    -0.05253585   0.00000000
 -0.05253585   0.00000000    -0.05253585   0.00000000    -0.05946918   0.00000000
    2    1
 -0.05946918   0.00000000     0.05253585   0.00000000    -0.05253585   0.00000000
  0.05253585   0.00000000    -0.05946918   0.00000000    -0.05253585   0.00000000
 -0.05253585   0.00000000    -0.05253585   0.00000000    -0.05946918   0.00000000
    2    2
  0.17446435   0.00000000     0.02868833   0.00000000    -0.02868833   0.00000000
  0.02868833   0.00000000     0.17446435   0.00000000    -0.02868833   0.00000000
 -0.02868833   0.00000000    -0.02868833   0.00000000     0.17446435   0.00000000

     Dynamical  Matrix in cartesian axes

     q = (    0.353553391  -0.353553391  -0.353553391 ) 

    1    1
  0.13300730   0.00000000    -0.02110773   0.00000000    -0.02110773   0.00000000
 -0.02110773   0.00000000     0.13300730   0.00000000     0.02110773   0.00000000
 -0.02110773   0.00000000     0.02110773   0.00000000     0.13300730   0.00000000
    1    2
 -0.05946918   0.00000000    -0.05253585   0.00000000    -0.05253585   0.00000000
 -0.05253585   0.00000000    -0.05946918   0.00000000     0.05253585   0.00000000
 -0.05253585   0.00000000     0.05253585   0.00000000    -0.05946918   0.00000000
    2    1
 -0.05946918   0.00000000    -0.05253585   0.00000000    -0.05253585   0.00000000
 -0.05253585   0.00000000    -0.05946918   0.00000000     0.05253585   0.00000000
 -0.05253585   0.00000000     0.05253585   0.00000000    -0.05946918   0.00000000
    2    2
  0.17446435   0.00000000    -0.02868833   0.00000000    -0.02868833   0.00000000
 -0.02868833   0.00000000     0.17446435   0.00000000     0.02868833   0.00000000
 -0.02868833   0.00000000     0.02868833   0.00000000     0.17446435   0.00000000

     Dynamical  Matrix in cartesian axes

     q = (    0.353553391   0.353553391   0.353553391 ) 

    1    1
  0.13300730   0.00000000     0.02110773   0.00000000     0.02110773   0.00000000
  0.02110773   0.00000000     0.13300730   0.00000000     0.02110773   0.00000000
  0.02110773   0.00000000     0.02110773   0.00000000     0.13300730   0.00000000
    1    2
  0.05946918  -0.00000000    -0.05253585   0.00000000    -0.05253585   0.00000000
 -0.05253585   0.00000000     0.05946918  -0.00000000    -0.05253585   0.00000000
 -0.05253585   0.00000000    -0.05253585   0.00000000     0.05946918  -0.00000000
    2    1
  0.05946918   0.00000000    -0.05253585  -0.00000000    -0.05253585  -0.00000000
 -0.05253585  -0.00000000     0.05946918   0.00000000    -0.05253585  -0.00000000
 -0.05253585  -0.00000000    -0.05253585  -0.00000000     0.05946918   0.00000000
    2    2
  0.17446435   0.00000000     0.02868833   0.00000000     0.02868833   0.00000000
  0.02868833   0.00000000     0.17446435   0.00000000     0.02868833   0.00000000
  0.02868833   0.00000000     0.02868833   0.00000000     0.17446435   0.00000000

     Dynamical  Matrix in cartesian axes

     q = (   -0.353553391   0.353553391  -0.353553391 ) 

    1    1
  0.13300730   0.00000000    -0.02110773   0.00000000     0.02110773   0.00000000
 -0.02110773   0.00000000     0.13300730   0.00000000    -0.02110773   0.00000000
  0.02110773   0.00000000    -0.02110773   0.00000000     0.13300730   0.00000000
    1    2
 -0.05946918   0.00000000    -0.05253585   0.00000000     0.05253585   0.00000000
 -0.05253585   0.00000000    -0.05946918   0.00000000    -0.05253585   0.00000000
  0.05253585   0.00000000    -0.05253585   0.00000000    -0.05946918   0.00000000
    2    1
 -0.05946918   0.00000000    -0.05253585   0.00000000     0.05253585   0.00000000
 -0.05253585   0.00000000    -0.05946918   0.00000000    -0.05253585   0.00000000
  0.05253585   0.00000000    -0.05253585   0.00000000    -0.05946918   0.00000000
    2    2
  0.17446435   0.00000000    -0.02868833   0.00000000     0.02868833   0.00000000
 -0.02868833   0.00000000     0.17446435   0.00000000    -0.02868833   0.00000000
  0.02868833   0.00000000    -0.02868833   0.00000000     0.17446435   0.00000000

     Diagonalizing the dynamical matrix

     q = (   -0.353553391  -0.353553391   0.353553391 ) 

 **************************************************************************
     freq (    1) =       1.610850 [THz] =      53.732178 [cm-1]
 (  0.243890  0.000000 -0.611391  0.000000 -0.367501  0.000000 ) 
 (  0.212551  0.000000 -0.532829  0.000000 -0.320278  0.000000 ) 
     freq (    2) =       1.610850 [THz] =      53.732178 [cm-1]
 (  0.565163  0.000000 -0.071367  0.000000  0.493796  0.000000 ) 
 (  0.492542  0.000000 -0.062196  0.000000  0.430345  0.000000 ) 
     freq (    3) =       5.065116 [THz] =     168.954076 [cm-1]
 (  0.463019  0.000000  0.463019  0.000000 -0.463019  0.000000 ) 
 ( -0.344887  0.000000 -0.344887  0.000000  0.344887  0.000000 ) 
     freq (    4) =       6.296728 [THz] =     210.036245 [cm-1]
 ( -0.557962  0.000000  0.107722  0.000000 -0.450240  0.000000 ) 
 (  0.530045  0.000000 -0.102332  0.000000  0.427713  0.000000 ) 
     freq (    5) =       6.296728 [THz] =     210.036245 [cm-1]
 (  0.197753  0.000000 -0.582086  0.000000 -0.384333  0.000000 ) 
 ( -0.187859  0.000000  0.552962  0.000000  0.365103  0.000000 ) 
     freq (    6) =       6.405514 [THz] =     213.664954 [cm-1]
 (  0.386158  0.000000  0.386158  0.000000 -0.386158  0.000000 ) 
 (  0.429204  0.000000  0.429204  0.000000 -0.429204  0.000000 ) 
 **************************************************************************
