Dynamical matrix file
Phonon calculation                                                         
  2    2   0   7.5749673   0.0000000   0.0000000   0.0000000   0.0000000   0.0000000
Basis vectors
      0.000000000    0.707106781    0.707106781
      0.707106781    0.000000000    0.707106781
      0.707106781    0.707106781    0.000000000
           1  'Zn     '    59590.224614443956     
           2  'Se     '    71977.663322533714     
    1    1      0.0000000000      0.0000000000      0.0000000000
    2    2      0.3535533906      0.3535533906      0.3535533906

     Dynamical  Matrix in cartesian axes

     q = (    1.000000000   0.353553000   0.000000000 ) 

    1    1
  0.12864554   0.00000000    -0.01382118   0.00000000     0.00000000  -0.01957127
 -0.01382118  -0.00000000     0.11665909  -0.00000000    -0.00000000   0.01409851
  0.00000000   0.01957127    -0.00000000  -0.01409851     0.13526563   0.00000000
    1    2
 -0.05482314  -0.00743267    -0.05156227  -0.00699058     0.00571688  -0.04216746
 -0.05333023  -0.00723027    -0.05149134  -0.00698096    -0.00780234   0.05754976
  0.00751109  -0.05540149    -0.00877527   0.06472604    -0.05384197  -0.00729965
    2    1
 -0.05482314   0.00743267    -0.05333023   0.00723027     0.00751109   0.05540149
 -0.05156227   0.00699058    -0.05149134   0.00698096    -0.00877527  -0.06472604
  0.00571688   0.04216746    -0.00780234  -0.05754976    -0.05384197   0.00729965
    2    2
  0.18538789  -0.00000000    -0.02960774   0.00000000     0.00000000  -0.00865565
 -0.02960774   0.00000000     0.17846771  -0.00000000    -0.00000000   0.00615620
  0.00000000   0.00865565    -0.00000000  -0.00615620     0.18899933   0.00000000

     Dynamical  Matrix in cartesian axes

     q = (   -1.000000000  -0.353553000   0.000000000 ) 

    1    1
  0.12864554  -0.00000000    -0.01382118  -0.00000000    -0.00000000   0.01957127
 -0.01382118   0.00000000     0.11665909   0.00000000     0.00000000  -0.01409851
 -0.00000000  -0.01957127    -0.00000000   0.01409851     0.13526563  -0.00000000
    1    2
 -0.05482314   0.00743267    -0.05156227   0.00699058     0.00571688   0.04216746
 -0.05333023   0.00723027    -0.05149134   0.00698096    -0.00780234  -0.05754976
  0.00751109   0.05540149    -0.00877527  -0.06472604    -0.05384197   0.00729965
    2    1
 -0.05482314  -0.00743267    -0.05333023  -0.00723027     0.00751109  -0.05540149
 -0.05156227  -0.00699058    -0.05149134  -0.00698096    -0.00877527   0.06472604
  0.00571688  -0.04216746    -0.00780234   0.05754976    -0.05384197  -0.00729965
    2    2
  0.18538789   0.00000000    -0.02960774  -0.00000000     0.00000000   0.00865565
 -0.02960774  -0.00000000     0.17846771   0.00000000     0.00000000  -0.00615620
 -0.00000000  -0.00865565     0.00000000   0.00615620     0.18899933  -0.00000000

     Dynamical  Matrix in cartesian axes

     q = (   -1.000000000   0.353553000  -0.000000000 ) 

    1    1
  0.12864554   0.00000000     0.01382118   0.00000000     0.00000000  -0.01957127
  0.01382118   0.00000000     0.11665909   0.00000000    -0.00000000  -0.01409851
  0.00000000   0.01957127     0.00000000   0.01409851     0.13526563   0.00000000
    1    2
  0.00743258   0.05482315    -0.00699049  -0.05156228    -0.04216747   0.00571680
 -0.00723018  -0.05333024     0.00698087   0.05149135    -0.05754978   0.00780224
 -0.05540151   0.00751099    -0.06472606   0.00877515     0.00729956   0.05384198
    2    1
  0.00743258  -0.05482315    -0.00723018   0.05333024    -0.05540151  -0.00751099
 -0.00699049   0.05156228     0.00698087  -0.05149135    -0.06472606  -0.00877515
 -0.04216747  -0.00571680    -0.05754978  -0.00780224     0.00729956  -0.05384198
    2    2
  0.18538789  -0.00000000     0.02960774   0.00000000     0.00000000  -0.00865565
  0.02960774   0.00000000     0.17846771   0.00000000     0.00000000  -0.00615620
  0.00000000   0.00865565     0.00000000   0.00615620     0.18899933   0.00000000

     Dynamical  Matrix in cartesian axes

     q = (    1.000000000  -0.353553000   0.000000000 ) 

    1    1
  0.12864554   0.00000000     0.01382118   0.00000000    -0.00000000   0.01957127
  0.01382118   0.00000000     0.11665909   0.00000000    -0.00000000   0.01409851
 -0.00000000  -0.01957127    -0.00000000  -0.01409851     0.13526563   0.00000000
    1    2
  0.00743258  -0.05482315    -0.00699049   0.05156228    -0.04216747  -0.00571680
 -0.00723018   0.05333024     0.00698087  -0.05149135    -0.05754978  -0.00780224
 -0.05540151  -0.00751099    -0.06472606  -0.00877515     0.00729956  -0.05384198
    2    1
  0.00743258   0.05482315    -0.00723018  -0.05333024    -0.05540151   0.00751099
 -0.00699049  -0.05156228     0.00698087   0.05149135    -0.06472606   0.00877515
 -0.04216747   0.00571680    -0.05754978   0.00780224     0.00729956   0.05384198
    2    2
  0.18538789   0.00000000     0.02960774   0.00000000     0.00000000   0.00865565
  0.02960774  -0.00000000     0.17846771   0.00000000    -0.00000000   0.00615620
 -0.00000000  -0.00865565    -0.00000000  -0.00615620     0.18899933   0.00000000

     Dynamical  Matrix in cartesian axes

     q = (    0.353553000   0.000000000   1.000000000 ) 

    1    1
  0.11665909   0.00000000    -0.00000000   0.01409851    -0.01382118   0.00000000
 -0.00000000  -0.01409851     0.13526563  -0.00000000     0.00000000   0.01957127
 -0.01382118  -0.00000000     0.00000000  -0.01957127     0.12864554  -0.00000000
    1    2
 -0.05149134  -0.00698096    -0.00780234   0.05754976    -0.05333023  -0.00723027
 -0.00877527   0.06472604    -0.05384197  -0.00729965     0.00751109  -0.05540149
 -0.05156227  -0.00699058     0.00571688  -0.04216746    -0.05482314  -0.00743267
    2    1
 -0.05149134   0.00698096    -0.00877527  -0.06472604    -0.05156227   0.00699058
 -0.00780234  -0.05754976    -0.05384197   0.00729965     0.00571688   0.04216746
 -0.05333023   0.00723027     0.00751109   0.05540149    -0.05482314   0.00743267
    2    2
  0.17846771   0.00000000    -0.00000000   0.00615620    -0.02960774  -0.00000000
 -0.00000000  -0.00615620     0.18899933  -0.00000000     0.00000000   0.00865565
 -0.02960774  -0.00000000     0.00000000  -0.00865565     0.18538789   0.00000000

     Dynamical  Matrix in cartesian axes

     q = (   -0.353553000  -0.000000000  -1.000000000 ) 

    1    1
  0.11665909  -0.00000000    -0.00000000  -0.01409851    -0.01382118  -0.00000000
 -0.00000000   0.01409851     0.13526563   0.00000000     0.00000000  -0.01957127
 -0.01382118   0.00000000    -0.00000000   0.01957127     0.12864554   0.00000000
    1    2
 -0.05149134   0.00698096    -0.00780234  -0.05754976    -0.05333023   0.00723027
 -0.00877527  -0.06472604    -0.05384197   0.00729965     0.00751109   0.05540149
 -0.05156227   0.00699058     0.00571688   0.04216746    -0.05482314   0.00743267
    2    1
 -0.05149134  -0.00698096    -0.00877527   0.06472604    -0.05156227  -0.00699058
 -0.00780234   0.05754976    -0.05384197  -0.00729965     0.00571688  -0.04216746
 -0.05333023  -0.00723027     0.00751109  -0.05540149    -0.05482314  -0.00743267
    2    2
  0.17846771   0.00000000     0.00000000  -0.00615620    -0.02960774  -0.00000000
  0.00000000   0.00615620     0.18899933   0.00000000    -0.00000000  -0.00865565
 -0.02960774  -0.00000000     0.00000000   0.00865565     0.18538789   0.00000000

     Dynamical  Matrix in cartesian axes

     q = (    0.353553000  -0.000000000  -1.000000000 ) 

    1    1
  0.11665909   0.00000000     0.00000000  -0.01409851     0.01382118   0.00000000
  0.00000000   0.01409851     0.13526563   0.00000000     0.00000000   0.01957127
  0.01382118   0.00000000     0.00000000  -0.01957127     0.12864554   0.00000000
    1    2
  0.00698087   0.05149135    -0.05754978   0.00780224    -0.00723018  -0.05333024
 -0.06472606   0.00877515     0.00729956   0.05384198    -0.05540151   0.00751099
 -0.00699049  -0.05156228    -0.04216747   0.00571680     0.00743258   0.05482315
    2    1
  0.00698087  -0.05149135    -0.06472606  -0.00877515    -0.00699049   0.05156228
 -0.05754978  -0.00780224     0.00729956  -0.05384198    -0.04216747  -0.00571680
 -0.00723018   0.05333024    -0.05540151  -0.00751099     0.00743258  -0.05482315
    2    2
  0.17846771   0.00000000     0.00000000  -0.00615620     0.02960774   0.00000000
  0.00000000   0.00615620     0.18899933  -0.00000000     0.00000000   0.00865565
  0.02960774  -0.00000000     0.00000000  -0.00865565     0.18538789   0.00000000

     Dynamical  Matrix in cartesian axes

     q = (   -0.353553000   0.000000000   1.000000000 ) 

    1    1
  0.11665909  -0.00000000    -0.00000000   0.01409851     0.01382118   0.00000000
 -0.00000000  -0.01409851     0.13526563  -0.00000000    -0.00000000  -0.01957127
  0.01382118   0.00000000    -0.00000000   0.01957127     0.12864554  -0.00000000
    1    2
  0.00698087  -0.05149135    -0.05754978  -0.00780224    -0.00723018   0.05333024
 -0.06472606  -0.00877515     0.00729956  -0.05384198    -0.05540151  -0.00751099
 -0.00699049   0.05156228    -0.04216747  -0.00571680     0.00743258  -0.05482315
    2    1
  0.00698087   0.05149135    -0.06472606   0.00877515    -0.00699049  -0.05156228
 -0.05754978   0.00780224     0.00729956   0.05384198    -0.04216747   0.00571680
 -0.00723018  -0.05333024    -0.05540151   0.00751099     0.00743258   0.05482315
    2    2
  0.17846771  -0.00000000    -0.00000000   0.00615620     0.02960774  -0.00000000
 -0.00000000  -0.00615620     0.18899933   0.00000000    -0.00000000  -0.00865565
  0.02960774   0.00000000     0.00000000   0.00865565     0.18538789  -0.00000000

     Dynamical  Matrix in cartesian axes

     q = (    0.000000000   1.000000000   0.353553000 ) 

    1    1
  0.13526563   0.00000000     0.00000000   0.01957127    -0.00000000  -0.01409851
  0.00000000  -0.01957127     0.12864554   0.00000000    -0.01382118  -0.00000000
 -0.00000000   0.01409851    -0.01382118  -0.00000000     0.11665909   0.00000000
    1    2
 -0.05384197  -0.00729965     0.00751109  -0.05540149    -0.00877527   0.06472604
  0.00571688  -0.04216746    -0.05482314  -0.00743267    -0.05156227  -0.00699058
 -0.00780234   0.05754976    -0.05333023  -0.00723027    -0.05149134  -0.00698096
    2    1
 -0.05384197   0.00729965     0.00571688   0.04216746    -0.00780234  -0.05754976
  0.00751109   0.05540149    -0.05482314   0.00743267    -0.05333023   0.00723027
 -0.00877527  -0.06472604    -0.05156227   0.00699058    -0.05149134   0.00698096
    2    2
  0.18899933   0.00000000     0.00000000   0.00865565    -0.00000000  -0.00615620
  0.00000000  -0.00865565     0.18538789  -0.00000000    -0.02960774  -0.00000000
 -0.00000000   0.00615620    -0.02960774   0.00000000     0.17846771   0.00000000

     Dynamical  Matrix in cartesian axes

     q = (   -0.000000000  -1.000000000  -0.353553000 ) 

    1    1
  0.13526563  -0.00000000    -0.00000000  -0.01957127    -0.00000000   0.01409851
  0.00000000   0.01957127     0.12864554  -0.00000000    -0.01382118   0.00000000
 -0.00000000  -0.01409851    -0.01382118   0.00000000     0.11665909  -0.00000000
    1    2
 -0.05384197   0.00729965     0.00751109   0.05540149    -0.00877527  -0.06472604
  0.00571688   0.04216746    -0.05482314   0.00743267    -0.05156227   0.00699058
 -0.00780234  -0.05754976    -0.05333023   0.00723027    -0.05149134   0.00698096
    2    1
 -0.05384197  -0.00729965     0.00571688  -0.04216746    -0.00780234   0.05754976
  0.00751109  -0.05540149    -0.05482314  -0.00743267    -0.05333023  -0.00723027
 -0.00877527   0.06472604    -0.05156227  -0.00699058    -0.05149134  -0.00698096
    2    2
  0.18899933  -0.00000000    -0.00000000  -0.00865565     0.00000000   0.00615620
  0.00000000   0.00865565     0.18538789   0.00000000    -0.02960774  -0.00000000
  0.00000000  -0.00615620    -0.02960774  -0.00000000     0.17846771   0.00000000

     Dynamical  Matrix in cartesian axes

     q = (   -0.000000000  -1.000000000   0.353553000 ) 

    1    1
  0.13526563  -0.00000000     0.00000000   0.01957127    -0.00000000   0.01409851
  0.00000000  -0.01957127     0.12864554   0.00000000     0.01382118  -0.00000000
 -0.00000000  -0.01409851     0.01382118  -0.00000000     0.11665909   0.00000000
    1    2
  0.00729956   0.05384198    -0.05540151   0.00751099    -0.06472606   0.00877515
 -0.04216747   0.00571680     0.00743258   0.05482315    -0.00699049  -0.05156228
 -0.05754978   0.00780224    -0.00723018  -0.05333024     0.00698087   0.05149135
    2    1
  0.00729956  -0.05384198    -0.04216747  -0.00571680    -0.05754978  -0.00780224
 -0.05540151  -0.00751099     0.00743258  -0.05482315    -0.00723018   0.05333024
 -0.06472606  -0.00877515    -0.00699049   0.05156228     0.00698087  -0.05149135
    2    2
  0.18899933   0.00000000     0.00000000   0.00865565     0.00000000   0.00615620
 -0.00000000  -0.00865565     0.18538789  -0.00000000     0.02960774  -0.00000000
  0.00000000  -0.00615620     0.02960774   0.00000000     0.17846771   0.00000000

     Dynamical  Matrix in cartesian axes

     q = (    0.000000000   1.000000000  -0.353553000 ) 

    1    1
  0.13526563   0.00000000    -0.00000000  -0.01957127    -0.00000000  -0.01409851
 -0.00000000   0.01957127     0.12864554  -0.00000000     0.01382118   0.00000000
  0.00000000   0.01409851     0.01382118   0.00000000     0.11665909  -0.00000000
    1    2
  0.00729956  -0.05384198    -0.05540151  -0.00751099    -0.06472606  -0.00877515
 -0.04216747  -0.00571680     0.00743258  -0.05482315    -0.00699049   0.05156228
 -0.05754978  -0.00780224    -0.00723018   0.05333024     0.00698087  -0.05149135
    2    1
  0.00729956   0.05384198    -0.04216747   0.00571680    -0.05754978   0.00780224
 -0.05540151   0.00751099     0.00743258   0.05482315    -0.00723018  -0.05333024
 -0.06472606   0.00877515    -0.00699049  -0.05156228     0.00698087   0.05149135
    2    2
  0.18899933  -0.00000000    -0.00000000  -0.00865565    -0.00000000  -0.00615620
 -0.00000000   0.00865565     0.18538789   0.00000000     0.02960774   0.00000000
 -0.00000000   0.00615620     0.02960774  -0.00000000     0.17846771  -0.00000000

     Dynamical  Matrix in cartesian axes

     q = (   -0.353553000  -1.000000000   0.000000000 ) 

    1    1
  0.11665909  -0.00000000    -0.01382118  -0.00000000    -0.00000000  -0.01409851
 -0.01382118   0.00000000     0.12864554   0.00000000     0.00000000   0.01957127
 -0.00000000   0.01409851    -0.00000000  -0.01957127     0.13526563  -0.00000000
    1    2
 -0.05149134   0.00698096    -0.05333023   0.00723027    -0.00780234  -0.05754976
 -0.05156227   0.00699058    -0.05482314   0.00743267     0.00571688   0.04216746
 -0.00877527  -0.06472604     0.00751109   0.05540149    -0.05384197   0.00729965
    2    1
 -0.05149134  -0.00698096    -0.05156227  -0.00699058    -0.00877527   0.06472604
 -0.05333023  -0.00723027    -0.05482314  -0.00743267     0.00751109  -0.05540149
 -0.00780234   0.05754976     0.00571688  -0.04216746    -0.05384197  -0.00729965
    2    2
  0.17846771   0.00000000    -0.02960774  -0.00000000     0.00000000  -0.00615620
 -0.02960774  -0.00000000     0.18538789   0.00000000     0.00000000   0.00865565
  0.00000000   0.00615620    -0.00000000  -0.00865565     0.18899933  -0.00000000

     Dynamical  Matrix in cartesian axes

     q = (    0.353553000   1.000000000   0.000000000 ) 

    1    1
  0.11665909   0.00000000    -0.01382118   0.00000000    -0.00000000   0.01409851
 -0.01382118  -0.00000000     0.12864554  -0.00000000     0.00000000  -0.01957127
 -0.00000000  -0.01409851     0.00000000   0.01957127     0.13526563   0.00000000
    1    2
 -0.05149134  -0.00698096    -0.05333023  -0.00723027    -0.00780234   0.05754976
 -0.05156227  -0.00699058    -0.05482314  -0.00743267     0.00571688  -0.04216746
 -0.00877527   0.06472604     0.00751109  -0.05540149    -0.05384197  -0.00729965
    2    1
 -0.05149134   0.00698096    -0.05156227   0.00699058    -0.00877527  -0.06472604
 -0.05333023   0.00723027    -0.05482314   0.00743267     0.00751109   0.05540149
 -0.00780234  -0.05754976     0.00571688   0.04216746    -0.05384197   0.00729965
    2    2
  0.17846771   0.00000000    -0.02960774  -0.00000000    -0.00000000   0.00615620
 -0.02960774  -0.00000000     0.18538789   0.00000000     0.00000000  -0.00865565
 -0.00000000  -0.00615620     0.00000000   0.00865565     0.18899933  -0.00000000

     Dynamical  Matrix in cartesian axes

     q = (   -0.353553000   1.000000000   0.000000000 ) 

    1    1
  0.11665909   0.00000000     0.01382118   0.00000000     0.00000000   0.01409851
  0.01382118   0.00000000     0.12864554   0.00000000    -0.00000000   0.01957127
 -0.00000000  -0.01409851    -0.00000000  -0.01957127     0.13526563   0.00000000
    1    2
  0.00698087  -0.05149135    -0.00723018   0.05333024    -0.05754978  -0.00780224
 -0.00699049   0.05156228     0.00743258  -0.05482315    -0.04216747  -0.00571680
 -0.06472606  -0.00877515    -0.05540151  -0.00751099     0.00729956  -0.05384198
    2    1
  0.00698087   0.05149135    -0.00699049  -0.05156228    -0.06472606   0.00877515
 -0.00723018  -0.05333024     0.00743258   0.05482315    -0.05540151   0.00751099
 -0.05754978   0.00780224    -0.04216747   0.00571680     0.00729956   0.05384198
    2    2
  0.17846771   0.00000000     0.02960774   0.00000000    -0.00000000   0.00615620
  0.02960774   0.00000000     0.18538789  -0.00000000    -0.00000000   0.00865565
 -0.00000000  -0.00615620    -0.00000000  -0.00865565     0.18899933   0.00000000

     Dynamical  Matrix in cartesian axes

     q = (    0.353553000  -1.000000000  -0.000000000 ) 

    1    1
  0.11665909   0.00000000     0.01382118   0.00000000     0.00000000  -0.01409851
  0.01382118   0.00000000     0.12864554   0.00000000     0.00000000  -0.01957127
  0.00000000   0.01409851     0.00000000   0.01957127     0.13526563   0.00000000
    1    2
  0.00698087   0.05149135    -0.00723018  -0.05333024    -0.05754978   0.00780224
 -0.00699049  -0.05156228     0.00743258   0.05482315    -0.04216747   0.00571680
 -0.06472606   0.00877515    -0.05540151   0.00751099     0.00729956   0.05384198
    2    1
  0.00698087  -0.05149135    -0.00699049   0.05156228    -0.06472606  -0.00877515
 -0.00723018   0.05333024     0.00743258  -0.05482315    -0.05540151  -0.00751099
 -0.05754978  -0.00780224    -0.04216747  -0.00571680     0.00729956  -0.05384198
    2    2
  0.17846771   0.00000000     0.02960774  -0.00000000     0.00000000  -0.00615620
  0.02960774   0.00000000     0.18538789   0.00000000     0.00000000  -0.00865565
  0.00000000   0.00615620     0.00000000   0.00865565     0.18899933   0.00000000

     Dynamical  Matrix in cartesian axes

     q = (   -0.000000000   0.353553000  -1.000000000 ) 

    1    1
  0.13526563   0.00000000     0.00000000   0.01409851     0.00000000   0.01957127
 -0.00000000  -0.01409851     0.11665909  -0.00000000     0.01382118   0.00000000
  0.00000000  -0.01957127     0.01382118   0.00000000     0.12864554  -0.00000000
    1    2
  0.00729956   0.05384198    -0.06472606   0.00877515    -0.05540151   0.00751099
 -0.05754978   0.00780224     0.00698087   0.05149135    -0.00723018  -0.05333024
 -0.04216747   0.00571680    -0.00699049  -0.05156228     0.00743258   0.05482315
    2    1
  0.00729956  -0.05384198    -0.05754978  -0.00780224    -0.04216747  -0.00571680
 -0.06472606  -0.00877515     0.00698087  -0.05149135    -0.00699049   0.05156228
 -0.05540151  -0.00751099    -0.00723018   0.05333024     0.00743258  -0.05482315
    2    2
  0.18899933   0.00000000     0.00000000   0.00615620     0.00000000   0.00865565
  0.00000000  -0.00615620     0.17846771  -0.00000000     0.02960774  -0.00000000
  0.00000000  -0.00865565     0.02960774   0.00000000     0.18538789   0.00000000

     Dynamical  Matrix in cartesian axes

     q = (    0.000000000   0.353553000   1.000000000 ) 

    1    1
  0.13526563  -0.00000000    -0.00000000  -0.01409851     0.00000000   0.01957127
 -0.00000000   0.01409851     0.11665909  -0.00000000    -0.01382118   0.00000000
  0.00000000  -0.01957127    -0.01382118   0.00000000     0.12864554  -0.00000000
    1    2
 -0.05384197  -0.00729965    -0.00877527   0.06472604     0.00751109  -0.05540149
 -0.00780234   0.05754976    -0.05149134  -0.00698096    -0.05333023  -0.00723027
  0.00571688  -0.04216746    -0.05156227  -0.00699058    -0.05482314  -0.00743267
    2    1
 -0.05384197   0.00729965    -0.00780234  -0.05754976     0.00571688   0.04216746
 -0.00877527  -0.06472604    -0.05149134   0.00698096    -0.05156227   0.00699058
  0.00751109   0.05540149    -0.05333023   0.00723027    -0.05482314   0.00743267
    2    2
  0.18899933  -0.00000000    -0.00000000  -0.00615620     0.00000000   0.00865565
 -0.00000000   0.00615620     0.17846771  -0.00000000    -0.02960774  -0.00000000
  0.00000000  -0.00865565    -0.02960774   0.00000000     0.18538789   0.00000000

     Dynamical  Matrix in cartesian axes

     q = (    0.000000000  -0.353553000   1.000000000 ) 

    1    1
  0.13526563  -0.00000000    -0.00000000  -0.01409851    -0.00000000  -0.01957127
 -0.00000000   0.01409851     0.11665909   0.00000000     0.01382118  -0.00000000
 -0.00000000   0.01957127     0.01382118  -0.00000000     0.12864554   0.00000000
    1    2
  0.00729956  -0.05384198    -0.06472606  -0.00877515    -0.05540151  -0.00751099
 -0.05754978  -0.00780224     0.00698087  -0.05149135    -0.00723018   0.05333024
 -0.04216747  -0.00571680    -0.00699049   0.05156228     0.00743258  -0.05482315
    2    1
  0.00729956   0.05384198    -0.05754978   0.00780224    -0.04216747   0.00571680
 -0.06472606   0.00877515     0.00698087   0.05149135    -0.00699049  -0.05156228
 -0.05540151   0.00751099    -0.00723018  -0.05333024     0.00743258   0.05482315
    2    2
  0.18899933  -0.00000000    -0.00000000  -0.00615620    -0.00000000  -0.00865565
 -0.00000000   0.00615620     0.17846771   0.00000000     0.02960774   0.00000000
  0.00000000   0.00865565     0.02960774  -0.00000000     0.18538789  -0.00000000

     Dynamical  Matrix in cartesian axes

     q = (   -0.000000000  -0.353553000  -1.000000000 ) 

    1    1
  0.13526563   0.00000000    -0.00000000   0.01409851    -0.00000000  -0.01957127
  0.00000000  -0.01409851     0.11665909   0.00000000    -0.01382118   0.00000000
 -0.00000000   0.01957127    -0.01382118   0.00000000     0.12864554   0.00000000
    1    2
 -0.05384197   0.00729965    -0.00877527  -0.06472604     0.00751109   0.05540149
 -0.00780234  -0.05754976    -0.05149134   0.00698096    -0.05333023   0.00723027
  0.00571688   0.04216746    -0.05156227   0.00699058    -0.05482314   0.00743267
    2    1
 -0.05384197  -0.00729965    -0.00780234   0.05754976     0.00571688  -0.04216746
 -0.00877527   0.06472604    -0.05149134  -0.00698096    -0.05156227  -0.00699058
  0.00751109  -0.05540149    -0.05333023  -0.00723027    -0.05482314  -0.00743267
    2    2
  0.18899933  -0.00000000     0.00000000   0.00615620    -0.00000000  -0.00865565
  0.00000000  -0.00615620     0.17846771   0.00000000    -0.02960774   0.00000000
  0.00000000   0.00865565    -0.02960774  -0.00000000     0.18538789   0.00000000

     Dynamical  Matrix in cartesian axes

     q = (    1.000000000   0.000000000  -0.353553000 ) 

    1    1
  0.12864554  -0.00000000    -0.00000000   0.01957127     0.01382118   0.00000000
 -0.00000000  -0.01957127     0.13526563  -0.00000000    -0.00000000  -0.01409851
  0.01382118   0.00000000    -0.00000000   0.01409851     0.11665909  -0.00000000
    1    2
  0.00743258  -0.05482315    -0.04216747  -0.00571680    -0.00699049   0.05156228
 -0.05540151  -0.00751099     0.00729956  -0.05384198    -0.06472606  -0.00877515
 -0.00723018   0.05333024    -0.05754978  -0.00780224     0.00698087  -0.05149135
    2    1
  0.00743258   0.05482315    -0.05540151   0.00751099    -0.00723018  -0.05333024
 -0.04216747   0.00571680     0.00729956   0.05384198    -0.05754978   0.00780224
 -0.00699049  -0.05156228    -0.06472606   0.00877515     0.00698087   0.05149135
    2    2
  0.18538789   0.00000000    -0.00000000   0.00865565     0.02960774  -0.00000000
 -0.00000000  -0.00865565     0.18899933   0.00000000    -0.00000000  -0.00615620
  0.02960774   0.00000000    -0.00000000   0.00615620     0.17846771   0.00000000

     Dynamical  Matrix in cartesian axes

     q = (    1.000000000   0.000000000   0.353553000 ) 

    1    1
  0.12864554   0.00000000     0.00000000  -0.01957127    -0.01382118   0.00000000
  0.00000000   0.01957127     0.13526563  -0.00000000    -0.00000000  -0.01409851
 -0.01382118  -0.00000000    -0.00000000   0.01409851     0.11665909  -0.00000000
    1    2
 -0.05482314  -0.00743267     0.00571688  -0.04216746    -0.05156227  -0.00699058
  0.00751109  -0.05540149    -0.05384197  -0.00729965    -0.00877527   0.06472604
 -0.05333023  -0.00723027    -0.00780234   0.05754976    -0.05149134  -0.00698096
    2    1
 -0.05482314   0.00743267     0.00751109   0.05540149    -0.05333023   0.00723027
  0.00571688   0.04216746    -0.05384197   0.00729965    -0.00780234  -0.05754976
 -0.05156227   0.00699058    -0.00877527  -0.06472604    -0.05149134   0.00698096
    2    2
  0.18538789  -0.00000000     0.00000000  -0.00865565    -0.02960774   0.00000000
  0.00000000   0.00865565     0.18899933   0.00000000    -0.00000000  -0.00615620
 -0.02960774   0.00000000    -0.00000000   0.00615620     0.17846771  -0.00000000

     Dynamical  Matrix in cartesian axes

     q = (   -1.000000000  -0.000000000   0.353553000 ) 

    1    1
  0.12864554   0.00000000     0.00000000  -0.01957127     0.01382118  -0.00000000
  0.00000000   0.01957127     0.13526563   0.00000000     0.00000000   0.01409851
  0.01382118  -0.00000000     0.00000000  -0.01409851     0.11665909   0.00000000
    1    2
  0.00743258   0.05482315    -0.04216747   0.00571680    -0.00699049  -0.05156228
 -0.05540151   0.00751099     0.00729956   0.05384198    -0.06472606   0.00877515
 -0.00723018  -0.05333024    -0.05754978   0.00780224     0.00698087   0.05149135
    2    1
  0.00743258  -0.05482315    -0.05540151  -0.00751099    -0.00723018   0.05333024
 -0.04216747  -0.00571680     0.00729956  -0.05384198    -0.05754978  -0.00780224
 -0.00699049   0.05156228    -0.06472606  -0.00877515     0.00698087  -0.05149135
    2    2
  0.18538789  -0.00000000     0.00000000  -0.00865565     0.02960774   0.00000000
  0.00000000   0.00865565     0.18899933  -0.00000000     0.00000000   0.00615620
  0.02960774  -0.00000000     0.00000000  -0.00615620     0.17846771   0.00000000

     Dynamical  Matrix in cartesian axes

     q = (   -1.000000000  -0.000000000  -0.353553000 ) 

    1    1
  0.12864554  -0.00000000    -0.00000000   0.01957127    -0.01382118  -0.00000000
 -0.00000000  -0.01957127     0.13526563   0.00000000     0.00000000   0.01409851
 -0.01382118   0.00000000    -0.00000000  -0.01409851     0.11665909   0.00000000
    1    2
 -0.05482314   0.00743267     0.00571688   0.04216746    -0.05156227   0.00699058
  0.00751109   0.05540149    -0.05384197   0.00729965    -0.00877527  -0.06472604
 -0.05333023   0.00723027    -0.00780234  -0.05754976    -0.05149134   0.00698096
    2    1
 -0.05482314  -0.00743267     0.00751109  -0.05540149    -0.05333023  -0.00723027
  0.00571688  -0.04216746    -0.05384197  -0.00729965    -0.00780234   0.05754976
 -0.05156227  -0.00699058    -0.00877527   0.06472604    -0.05149134  -0.00698096
    2    2
  0.18538789   0.00000000     0.00000000   0.00865565    -0.02960774  -0.00000000
 -0.00000000  -0.00865565     0.18899933  -0.00000000     0.00000000   0.00615620
 -0.02960774  -0.00000000     0.00000000  -0.00615620     0.17846771   0.00000000

     Diagonalizing the dynamical matrix

     q = (    1.000000000   0.353553000   0.000000000 ) 

 **************************************************************************
     freq (    1) =       1.867930 [THz] =      62.307453 [cm-1]
 ( -0.066597  0.491214 -0.079111  0.583521  0.034117  0.004625 ) 
 ( -0.000000  0.433811 -0.000000  0.462883 -0.062298  0.000000 ) 
     freq (    2) =       2.608515 [THz] =      87.010694 [cm-1]
 (  0.046560 -0.343427 -0.047762  0.352293 -0.651192 -0.088286 ) 
 (  0.000000  0.178288  0.000000 -0.257431 -0.472860  0.000000 ) 
     freq (    3) =       4.450482 [THz] =     148.452100 [cm-1]
 ( -0.059916  0.441940  0.050313 -0.371107 -0.457333 -0.062003 ) 
 (  0.000000  0.440781 -0.000000 -0.335069  0.375887  0.000000 ) 
     freq (    4) =       6.093680 [THz] =     203.263284 [cm-1]
 (  0.071377 -0.526474 -0.061008  0.449991  0.203657  0.027611 ) 
 ( -0.000000  0.283871 -0.000000 -0.206764  0.588171  0.000000 ) 
     freq (    5) =       6.247307 [THz] =     208.387744 [cm-1]
 (  0.066406 -0.489806  0.066524 -0.490682 -0.105565 -0.014312 ) 
 ( -0.000000  0.426910 -0.000000  0.562084 -0.030765  0.000000 ) 
     freq (    6) =       6.781592 [THz] =     226.209554 [cm-1]
 ( -0.002610  0.019254  0.021777 -0.160629  0.621059  0.084200 ) 
 ( -0.000000  0.483142  0.000000 -0.396540 -0.435743  0.000000 ) 
 **************************************************************************
