Dynamical matrix file
Phonon calculation                                                         
  2    2   0   7.5749673   0.0000000   0.0000000   0.0000000   0.0000000   0.0000000
Basis vectors
      0.000000000    0.707106781    0.707106781
      0.707106781    0.000000000    0.707106781
      0.707106781    0.707106781    0.000000000
           1  'Zn     '    59590.224614443956     
           2  'Se     '    71977.663322533714     
    1    1      0.0000000000      0.0000000000      0.0000000000
    2    2      0.3535533906      0.3535533906      0.3535533906

     Dynamical  Matrix in cartesian axes

     q = (   -0.176776695  -0.530330086   0.530330086 ) 

    1    1
  0.16041997   0.00000000     0.00734926   0.01401934    -0.00734926  -0.01401934
  0.00734926  -0.01401934     0.11187549   0.00000000    -0.00692762   0.00000000
 -0.00734926   0.01401934    -0.00692762   0.00000000     0.11187549   0.00000000
    1    2
 -0.03503037   0.03809152     0.02464583  -0.02623528    -0.02464583   0.02623528
  0.03269654  -0.02273936    -0.02830038   0.03015736    -0.07952565  -0.02549712
 -0.03269654   0.02273936    -0.07952565  -0.02549712    -0.02830038   0.03015736
    2    1
 -0.03503037  -0.03809152     0.03269654   0.02273936    -0.03269654  -0.02273936
  0.02464583   0.02623528    -0.02830038  -0.03015736    -0.07952565   0.02549712
 -0.02464583  -0.02623528    -0.07952565   0.02549712    -0.02830038  -0.03015736
    2    2
  0.20342823   0.00000000     0.01195257   0.00669410    -0.01195257  -0.00669410
  0.01195257  -0.00669410     0.17829362   0.00000000    -0.01690991   0.00000000
 -0.01195257   0.00669410    -0.01690991   0.00000000     0.17829362   0.00000000

     Dynamical  Matrix in cartesian axes

     q = (    0.176776695   0.530330086  -0.530330086 ) 

    1    1
  0.16041997  -0.00000000     0.00734926  -0.01401934    -0.00734926   0.01401934
  0.00734926   0.01401934     0.11187549  -0.00000000    -0.00692762  -0.00000000
 -0.00734926  -0.01401934    -0.00692762  -0.00000000     0.11187549  -0.00000000
    1    2
 -0.03503037  -0.03809152     0.02464583   0.02623528    -0.02464583  -0.02623528
  0.03269654   0.02273936    -0.02830038  -0.03015736    -0.07952565   0.02549712
 -0.03269654  -0.02273936    -0.07952565   0.02549712    -0.02830038  -0.03015736
    2    1
 -0.03503037   0.03809152     0.03269654  -0.02273936    -0.03269654   0.02273936
  0.02464583  -0.02623528    -0.02830038   0.03015736    -0.07952565  -0.02549712
 -0.02464583   0.02623528    -0.07952565  -0.02549712    -0.02830038   0.03015736
    2    2
  0.20342823  -0.00000000     0.01195257  -0.00669410    -0.01195257   0.00669410
  0.01195257   0.00669410     0.17829362  -0.00000000    -0.01690991  -0.00000000
 -0.01195257  -0.00669410    -0.01690991  -0.00000000     0.17829362  -0.00000000

     Dynamical  Matrix in cartesian axes

     q = (   -0.176776695   0.530330086  -0.530330086 ) 

    1    1
  0.16041997   0.00000000    -0.00734926  -0.01401934     0.00734926   0.01401934
 -0.00734926   0.01401934     0.11187549   0.00000000    -0.00692762   0.00000000
  0.00734926  -0.01401934    -0.00692762   0.00000000     0.11187549   0.00000000
    1    2
 -0.03503037   0.03809152    -0.02464583   0.02623528     0.02464583  -0.02623528
 -0.03269654   0.02273936    -0.02830038   0.03015736    -0.07952565  -0.02549712
  0.03269654  -0.02273936    -0.07952565  -0.02549712    -0.02830038   0.03015736
    2    1
 -0.03503037  -0.03809152    -0.03269654  -0.02273936     0.03269654   0.02273936
 -0.02464583  -0.02623528    -0.02830038  -0.03015736    -0.07952565   0.02549712
  0.02464583   0.02623528    -0.07952565   0.02549712    -0.02830038  -0.03015736
    2    2
  0.20342823   0.00000000    -0.01195257  -0.00669410     0.01195257   0.00669410
 -0.01195257   0.00669410     0.17829362   0.00000000    -0.01690991   0.00000000
  0.01195257  -0.00669410    -0.01690991   0.00000000     0.17829362   0.00000000

     Dynamical  Matrix in cartesian axes

     q = (    0.176776695  -0.530330086   0.530330086 ) 

    1    1
  0.16041997  -0.00000000    -0.00734926   0.01401934     0.00734926  -0.01401934
 -0.00734926  -0.01401934     0.11187549  -0.00000000    -0.00692762  -0.00000000
  0.00734926   0.01401934    -0.00692762  -0.00000000     0.11187549  -0.00000000
    1    2
 -0.03503037  -0.03809152    -0.02464583  -0.02623528     0.02464583   0.02623528
 -0.03269654  -0.02273936    -0.02830038  -0.03015736    -0.07952565   0.02549712
  0.03269654   0.02273936    -0.07952565   0.02549712    -0.02830038  -0.03015736
    2    1
 -0.03503037   0.03809152    -0.03269654   0.02273936     0.03269654  -0.02273936
 -0.02464583   0.02623528    -0.02830038   0.03015736    -0.07952565  -0.02549712
  0.02464583  -0.02623528    -0.07952565  -0.02549712    -0.02830038   0.03015736
    2    2
  0.20342823  -0.00000000    -0.01195257   0.00669410     0.01195257  -0.00669410
 -0.01195257  -0.00669410     0.17829362  -0.00000000    -0.01690991  -0.00000000
  0.01195257   0.00669410    -0.01690991  -0.00000000     0.17829362  -0.00000000

     Dynamical  Matrix in cartesian axes

     q = (   -0.530330086  -0.176776695   0.530330086 ) 

    1    1
  0.11187549   0.00000000     0.00734926  -0.01401934    -0.00692762   0.00000000
  0.00734926   0.01401934     0.16041997   0.00000000    -0.00734926  -0.01401934
 -0.00692762   0.00000000    -0.00734926   0.01401934     0.11187549   0.00000000
    1    2
 -0.02830038   0.03015736     0.03269654  -0.02273936    -0.07952565  -0.02549712
  0.02464583  -0.02623528    -0.03503037   0.03809152    -0.02464583   0.02623528
 -0.07952565  -0.02549712    -0.03269654   0.02273936    -0.02830038   0.03015736
    2    1
 -0.02830038  -0.03015736     0.02464583   0.02623528    -0.07952565   0.02549712
  0.03269654   0.02273936    -0.03503037  -0.03809152    -0.03269654  -0.02273936
 -0.07952565   0.02549712    -0.02464583  -0.02623528    -0.02830038  -0.03015736
    2    2
  0.17829362   0.00000000     0.01195257  -0.00669410    -0.01690991   0.00000000
  0.01195257   0.00669410     0.20342823   0.00000000    -0.01195257  -0.00669410
 -0.01690991   0.00000000    -0.01195257   0.00669410     0.17829362   0.00000000

     Dynamical  Matrix in cartesian axes

     q = (    0.530330086   0.176776695  -0.530330086 ) 

    1    1
  0.11187549  -0.00000000     0.00734926   0.01401934    -0.00692762  -0.00000000
  0.00734926  -0.01401934     0.16041997  -0.00000000    -0.00734926   0.01401934
 -0.00692762  -0.00000000    -0.00734926  -0.01401934     0.11187549  -0.00000000
    1    2
 -0.02830038  -0.03015736     0.03269654   0.02273936    -0.07952565   0.02549712
  0.02464583   0.02623528    -0.03503037  -0.03809152    -0.02464583  -0.02623528
 -0.07952565   0.02549712    -0.03269654  -0.02273936    -0.02830038  -0.03015736
    2    1
 -0.02830038   0.03015736     0.02464583  -0.02623528    -0.07952565  -0.02549712
  0.03269654  -0.02273936    -0.03503037   0.03809152    -0.03269654   0.02273936
 -0.07952565  -0.02549712    -0.02464583   0.02623528    -0.02830038   0.03015736
    2    2
  0.17829362  -0.00000000     0.01195257   0.00669410    -0.01690991  -0.00000000
  0.01195257  -0.00669410     0.20342823  -0.00000000    -0.01195257   0.00669410
 -0.01690991  -0.00000000    -0.01195257  -0.00669410     0.17829362  -0.00000000

     Dynamical  Matrix in cartesian axes

     q = (   -0.530330086  -0.530330086   0.176776695 ) 

    1    1
  0.11187549   0.00000000     0.00692762   0.00000000    -0.00734926   0.01401934
  0.00692762   0.00000000     0.11187549   0.00000000    -0.00734926   0.01401934
 -0.00734926  -0.01401934    -0.00734926  -0.01401934     0.16041997   0.00000000
    1    2
 -0.03015736  -0.02830038    -0.02549712   0.07952565    -0.02273936  -0.03269654
 -0.02549712   0.07952565    -0.03015736  -0.02830038    -0.02273936  -0.03269654
 -0.02623528  -0.02464583    -0.02623528  -0.02464583    -0.03809152  -0.03503037
    2    1
 -0.03015736   0.02830038    -0.02549712  -0.07952565    -0.02623528   0.02464583
 -0.02549712  -0.07952565    -0.03015736   0.02830038    -0.02623528   0.02464583
 -0.02273936   0.03269654    -0.02273936   0.03269654    -0.03809152   0.03503037
    2    2
  0.17829362   0.00000000     0.01690991   0.00000000    -0.01195257   0.00669410
  0.01690991   0.00000000     0.17829362   0.00000000    -0.01195257   0.00669410
 -0.01195257  -0.00669410    -0.01195257  -0.00669410     0.20342823   0.00000000

     Dynamical  Matrix in cartesian axes

     q = (    0.530330086   0.530330086  -0.176776695 ) 

    1    1
  0.11187549  -0.00000000     0.00692762  -0.00000000    -0.00734926  -0.01401934
  0.00692762  -0.00000000     0.11187549  -0.00000000    -0.00734926  -0.01401934
 -0.00734926   0.01401934    -0.00734926   0.01401934     0.16041997  -0.00000000
    1    2
 -0.03015736   0.02830038    -0.02549712  -0.07952565    -0.02273936   0.03269654
 -0.02549712  -0.07952565    -0.03015736   0.02830038    -0.02273936   0.03269654
 -0.02623528   0.02464583    -0.02623528   0.02464583    -0.03809152   0.03503037
    2    1
 -0.03015736  -0.02830038    -0.02549712   0.07952565    -0.02623528  -0.02464583
 -0.02549712   0.07952565    -0.03015736  -0.02830038    -0.02623528  -0.02464583
 -0.02273936  -0.03269654    -0.02273936  -0.03269654    -0.03809152  -0.03503037
    2    2
  0.17829362  -0.00000000     0.01690991  -0.00000000    -0.01195257  -0.00669410
  0.01690991  -0.00000000     0.17829362  -0.00000000    -0.01195257  -0.00669410
 -0.01195257   0.00669410    -0.01195257   0.00669410     0.20342823  -0.00000000

     Dynamical  Matrix in cartesian axes

     q = (    0.176776695  -0.530330086  -0.530330086 ) 

    1    1
  0.16041997   0.00000000    -0.00734926  -0.01401934    -0.00734926  -0.01401934
 -0.00734926   0.01401934     0.11187549   0.00000000     0.00692762   0.00000000
 -0.00734926   0.01401934     0.00692762   0.00000000     0.11187549   0.00000000
    1    2
 -0.03809152  -0.03503037    -0.02623528  -0.02464583    -0.02623528  -0.02464583
 -0.02273936  -0.03269654    -0.03015736  -0.02830038    -0.02549712   0.07952565
 -0.02273936  -0.03269654    -0.02549712   0.07952565    -0.03015736  -0.02830038
    2    1
 -0.03809152   0.03503037    -0.02273936   0.03269654    -0.02273936   0.03269654
 -0.02623528   0.02464583    -0.03015736   0.02830038    -0.02549712  -0.07952565
 -0.02623528   0.02464583    -0.02549712  -0.07952565    -0.03015736   0.02830038
    2    2
  0.20342823   0.00000000    -0.01195257  -0.00669410    -0.01195257  -0.00669410
 -0.01195257   0.00669410     0.17829362   0.00000000     0.01690991   0.00000000
 -0.01195257   0.00669410     0.01690991   0.00000000     0.17829362   0.00000000

     Dynamical  Matrix in cartesian axes

     q = (   -0.176776695   0.530330086   0.530330086 ) 

    1    1
  0.16041997  -0.00000000    -0.00734926   0.01401934    -0.00734926   0.01401934
 -0.00734926  -0.01401934     0.11187549  -0.00000000     0.00692762  -0.00000000
 -0.00734926  -0.01401934     0.00692762  -0.00000000     0.11187549  -0.00000000
    1    2
 -0.03809152   0.03503037    -0.02623528   0.02464583    -0.02623528   0.02464583
 -0.02273936   0.03269654    -0.03015736   0.02830038    -0.02549712  -0.07952565
 -0.02273936   0.03269654    -0.02549712  -0.07952565    -0.03015736   0.02830038
    2    1
 -0.03809152  -0.03503037    -0.02273936  -0.03269654    -0.02273936  -0.03269654
 -0.02623528  -0.02464583    -0.03015736  -0.02830038    -0.02549712   0.07952565
 -0.02623528  -0.02464583    -0.02549712   0.07952565    -0.03015736  -0.02830038
    2    2
  0.20342823  -0.00000000    -0.01195257   0.00669410    -0.01195257   0.00669410
 -0.01195257  -0.00669410     0.17829362  -0.00000000     0.01690991  -0.00000000
 -0.01195257  -0.00669410     0.01690991  -0.00000000     0.17829362  -0.00000000

     Dynamical  Matrix in cartesian axes

     q = (    0.176776695   0.530330086   0.530330086 ) 

    1    1
  0.16041997   0.00000000     0.00734926   0.01401934     0.00734926   0.01401934
  0.00734926  -0.01401934     0.11187549   0.00000000     0.00692762   0.00000000
  0.00734926  -0.01401934     0.00692762   0.00000000     0.11187549   0.00000000
    1    2
  0.03503037  -0.03809152    -0.02464583   0.02623528    -0.02464583   0.02623528
 -0.03269654   0.02273936     0.02830038  -0.03015736    -0.07952565  -0.02549712
 -0.03269654   0.02273936    -0.07952565  -0.02549712     0.02830038  -0.03015736
    2    1
  0.03503037   0.03809152    -0.03269654  -0.02273936    -0.03269654  -0.02273936
 -0.02464583  -0.02623528     0.02830038   0.03015736    -0.07952565   0.02549712
 -0.02464583  -0.02623528    -0.07952565   0.02549712     0.02830038   0.03015736
    2    2
  0.20342823   0.00000000     0.01195257   0.00669410     0.01195257   0.00669410
  0.01195257  -0.00669410     0.17829362   0.00000000     0.01690991   0.00000000
  0.01195257  -0.00669410     0.01690991   0.00000000     0.17829362   0.00000000

     Dynamical  Matrix in cartesian axes

     q = (   -0.176776695  -0.530330086  -0.530330086 ) 

    1    1
  0.16041997  -0.00000000     0.00734926  -0.01401934     0.00734926  -0.01401934
  0.00734926   0.01401934     0.11187549  -0.00000000     0.00692762  -0.00000000
  0.00734926   0.01401934     0.00692762  -0.00000000     0.11187549  -0.00000000
    1    2
  0.03503037   0.03809152    -0.02464583  -0.02623528    -0.02464583  -0.02623528
 -0.03269654  -0.02273936     0.02830038   0.03015736    -0.07952565   0.02549712
 -0.03269654  -0.02273936    -0.07952565   0.02549712     0.02830038   0.03015736
    2    1
  0.03503037  -0.03809152    -0.03269654   0.02273936    -0.03269654   0.02273936
 -0.02464583   0.02623528     0.02830038  -0.03015736    -0.07952565  -0.02549712
 -0.02464583   0.02623528    -0.07952565  -0.02549712     0.02830038  -0.03015736
    2    2
  0.20342823  -0.00000000     0.01195257  -0.00669410     0.01195257  -0.00669410
  0.01195257   0.00669410     0.17829362  -0.00000000     0.01690991  -0.00000000
  0.01195257   0.00669410     0.01690991  -0.00000000     0.17829362  -0.00000000

     Dynamical  Matrix in cartesian axes

     q = (    0.530330086  -0.176776695  -0.530330086 ) 

    1    1
  0.11187549   0.00000000    -0.00734926   0.01401934    -0.00692762   0.00000000
 -0.00734926  -0.01401934     0.16041997   0.00000000     0.00734926   0.01401934
 -0.00692762   0.00000000     0.00734926  -0.01401934     0.11187549   0.00000000
    1    2
 -0.02830038   0.03015736    -0.03269654   0.02273936    -0.07952565  -0.02549712
 -0.02464583   0.02623528    -0.03503037   0.03809152     0.02464583  -0.02623528
 -0.07952565  -0.02549712     0.03269654  -0.02273936    -0.02830038   0.03015736
    2    1
 -0.02830038  -0.03015736    -0.02464583  -0.02623528    -0.07952565   0.02549712
 -0.03269654  -0.02273936    -0.03503037  -0.03809152     0.03269654   0.02273936
 -0.07952565   0.02549712     0.02464583   0.02623528    -0.02830038  -0.03015736
    2    2
  0.17829362   0.00000000    -0.01195257   0.00669410    -0.01690991   0.00000000
 -0.01195257  -0.00669410     0.20342823   0.00000000     0.01195257   0.00669410
 -0.01690991   0.00000000     0.01195257  -0.00669410     0.17829362   0.00000000

     Dynamical  Matrix in cartesian axes

     q = (   -0.530330086   0.176776695   0.530330086 ) 

    1    1
  0.11187549  -0.00000000    -0.00734926  -0.01401934    -0.00692762  -0.00000000
 -0.00734926   0.01401934     0.16041997  -0.00000000     0.00734926  -0.01401934
 -0.00692762  -0.00000000     0.00734926   0.01401934     0.11187549  -0.00000000
    1    2
 -0.02830038  -0.03015736    -0.03269654  -0.02273936    -0.07952565   0.02549712
 -0.02464583  -0.02623528    -0.03503037  -0.03809152     0.02464583   0.02623528
 -0.07952565   0.02549712     0.03269654   0.02273936    -0.02830038  -0.03015736
    2    1
 -0.02830038   0.03015736    -0.02464583   0.02623528    -0.07952565  -0.02549712
 -0.03269654   0.02273936    -0.03503037   0.03809152     0.03269654  -0.02273936
 -0.07952565  -0.02549712     0.02464583  -0.02623528    -0.02830038   0.03015736
    2    2
  0.17829362  -0.00000000    -0.01195257  -0.00669410    -0.01690991  -0.00000000
 -0.01195257   0.00669410     0.20342823  -0.00000000     0.01195257  -0.00669410
 -0.01690991  -0.00000000     0.01195257   0.00669410     0.17829362  -0.00000000

     Dynamical  Matrix in cartesian axes

     q = (    0.530330086   0.176776695   0.530330086 ) 

    1    1
  0.11187549   0.00000000     0.00734926  -0.01401934     0.00692762   0.00000000
  0.00734926   0.01401934     0.16041997   0.00000000     0.00734926   0.01401934
  0.00692762   0.00000000     0.00734926  -0.01401934     0.11187549   0.00000000
    1    2
  0.02830038  -0.03015736    -0.03269654   0.02273936    -0.07952565  -0.02549712
 -0.02464583   0.02623528     0.03503037  -0.03809152    -0.02464583   0.02623528
 -0.07952565  -0.02549712    -0.03269654   0.02273936     0.02830038  -0.03015736
    2    1
  0.02830038   0.03015736    -0.02464583  -0.02623528    -0.07952565   0.02549712
 -0.03269654  -0.02273936     0.03503037   0.03809152    -0.03269654  -0.02273936
 -0.07952565   0.02549712    -0.02464583  -0.02623528     0.02830038   0.03015736
    2    2
  0.17829362   0.00000000     0.01195257  -0.00669410     0.01690991   0.00000000
  0.01195257   0.00669410     0.20342823   0.00000000     0.01195257   0.00669410
  0.01690991   0.00000000     0.01195257  -0.00669410     0.17829362   0.00000000

     Dynamical  Matrix in cartesian axes

     q = (   -0.530330086  -0.176776695  -0.530330086 ) 

    1    1
  0.11187549  -0.00000000     0.00734926   0.01401934     0.00692762  -0.00000000
  0.00734926  -0.01401934     0.16041997  -0.00000000     0.00734926  -0.01401934
  0.00692762  -0.00000000     0.00734926   0.01401934     0.11187549  -0.00000000
    1    2
  0.02830038   0.03015736    -0.03269654  -0.02273936    -0.07952565   0.02549712
 -0.02464583  -0.02623528     0.03503037   0.03809152    -0.02464583  -0.02623528
 -0.07952565   0.02549712    -0.03269654  -0.02273936     0.02830038   0.03015736
    2    1
  0.02830038  -0.03015736    -0.02464583   0.02623528    -0.07952565  -0.02549712
 -0.03269654   0.02273936     0.03503037  -0.03809152    -0.03269654   0.02273936
 -0.07952565  -0.02549712    -0.02464583   0.02623528     0.02830038  -0.03015736
    2    2
  0.17829362  -0.00000000     0.01195257   0.00669410     0.01690991  -0.00000000
  0.01195257  -0.00669410     0.20342823  -0.00000000     0.01195257  -0.00669410
  0.01690991  -0.00000000     0.01195257   0.00669410     0.17829362  -0.00000000

     Dynamical  Matrix in cartesian axes

     q = (   -0.530330086   0.176776695  -0.530330086 ) 

    1    1
  0.11187549   0.00000000    -0.00734926   0.01401934     0.00692762   0.00000000
 -0.00734926  -0.01401934     0.16041997   0.00000000    -0.00734926  -0.01401934
  0.00692762   0.00000000    -0.00734926   0.01401934     0.11187549   0.00000000
    1    2
 -0.03015736  -0.02830038    -0.02273936  -0.03269654    -0.02549712   0.07952565
 -0.02623528  -0.02464583    -0.03809152  -0.03503037    -0.02623528  -0.02464583
 -0.02549712   0.07952565    -0.02273936  -0.03269654    -0.03015736  -0.02830038
    2    1
 -0.03015736   0.02830038    -0.02623528   0.02464583    -0.02549712  -0.07952565
 -0.02273936   0.03269654    -0.03809152   0.03503037    -0.02273936   0.03269654
 -0.02549712  -0.07952565    -0.02623528   0.02464583    -0.03015736   0.02830038
    2    2
  0.17829362   0.00000000    -0.01195257   0.00669410     0.01690991   0.00000000
 -0.01195257  -0.00669410     0.20342823   0.00000000    -0.01195257  -0.00669410
  0.01690991   0.00000000    -0.01195257   0.00669410     0.17829362   0.00000000

     Dynamical  Matrix in cartesian axes

     q = (    0.530330086  -0.176776695   0.530330086 ) 

    1    1
  0.11187549  -0.00000000    -0.00734926  -0.01401934     0.00692762  -0.00000000
 -0.00734926   0.01401934     0.16041997  -0.00000000    -0.00734926   0.01401934
  0.00692762  -0.00000000    -0.00734926  -0.01401934     0.11187549  -0.00000000
    1    2
 -0.03015736   0.02830038    -0.02273936   0.03269654    -0.02549712  -0.07952565
 -0.02623528   0.02464583    -0.03809152   0.03503037    -0.02623528   0.02464583
 -0.02549712  -0.07952565    -0.02273936   0.03269654    -0.03015736   0.02830038
    2    1
 -0.03015736  -0.02830038    -0.02623528  -0.02464583    -0.02549712   0.07952565
 -0.02273936  -0.03269654    -0.03809152  -0.03503037    -0.02273936  -0.03269654
 -0.02549712   0.07952565    -0.02623528  -0.02464583    -0.03015736  -0.02830038
    2    2
  0.17829362  -0.00000000    -0.01195257  -0.00669410     0.01690991  -0.00000000
 -0.01195257   0.00669410     0.20342823  -0.00000000    -0.01195257   0.00669410
  0.01690991  -0.00000000    -0.01195257  -0.00669410     0.17829362  -0.00000000

     Dynamical  Matrix in cartesian axes

     q = (   -0.530330086   0.530330086  -0.176776695 ) 

    1    1
  0.11187549   0.00000000    -0.00692762   0.00000000     0.00734926  -0.01401934
 -0.00692762   0.00000000     0.11187549   0.00000000    -0.00734926   0.01401934
  0.00734926   0.01401934    -0.00734926  -0.01401934     0.16041997   0.00000000
    1    2
 -0.02830038   0.03015736    -0.07952565  -0.02549712     0.03269654  -0.02273936
 -0.07952565  -0.02549712    -0.02830038   0.03015736    -0.03269654   0.02273936
  0.02464583  -0.02623528    -0.02464583   0.02623528    -0.03503037   0.03809152
    2    1
 -0.02830038  -0.03015736    -0.07952565   0.02549712     0.02464583   0.02623528
 -0.07952565   0.02549712    -0.02830038  -0.03015736    -0.02464583  -0.02623528
  0.03269654   0.02273936    -0.03269654  -0.02273936    -0.03503037  -0.03809152
    2    2
  0.17829362   0.00000000    -0.01690991   0.00000000     0.01195257  -0.00669410
 -0.01690991   0.00000000     0.17829362   0.00000000    -0.01195257   0.00669410
  0.01195257   0.00669410    -0.01195257  -0.00669410     0.20342823   0.00000000

     Dynamical  Matrix in cartesian axes

     q = (    0.530330086  -0.530330086   0.176776695 ) 

    1    1
  0.11187549  -0.00000000    -0.00692762  -0.00000000     0.00734926   0.01401934
 -0.00692762  -0.00000000     0.11187549  -0.00000000    -0.00734926  -0.01401934
  0.00734926  -0.01401934    -0.00734926   0.01401934     0.16041997  -0.00000000
    1    2
 -0.02830038  -0.03015736    -0.07952565   0.02549712     0.03269654   0.02273936
 -0.07952565   0.02549712    -0.02830038  -0.03015736    -0.03269654  -0.02273936
  0.02464583   0.02623528    -0.02464583  -0.02623528    -0.03503037  -0.03809152
    2    1
 -0.02830038   0.03015736    -0.07952565  -0.02549712     0.02464583  -0.02623528
 -0.07952565  -0.02549712    -0.02830038   0.03015736    -0.02464583   0.02623528
  0.03269654  -0.02273936    -0.03269654   0.02273936    -0.03503037   0.03809152
    2    2
  0.17829362  -0.00000000    -0.01690991  -0.00000000     0.01195257   0.00669410
 -0.01690991  -0.00000000     0.17829362  -0.00000000    -0.01195257  -0.00669410
  0.01195257  -0.00669410    -0.01195257   0.00669410     0.20342823  -0.00000000

     Dynamical  Matrix in cartesian axes

     q = (    0.530330086   0.530330086   0.176776695 ) 

    1    1
  0.11187549   0.00000000     0.00692762   0.00000000     0.00734926  -0.01401934
  0.00692762   0.00000000     0.11187549   0.00000000     0.00734926  -0.01401934
  0.00734926   0.01401934     0.00734926   0.01401934     0.16041997   0.00000000
    1    2
  0.02830038  -0.03015736    -0.07952565  -0.02549712    -0.03269654   0.02273936
 -0.07952565  -0.02549712     0.02830038  -0.03015736    -0.03269654   0.02273936
 -0.02464583   0.02623528    -0.02464583   0.02623528     0.03503037  -0.03809152
    2    1
  0.02830038   0.03015736    -0.07952565   0.02549712    -0.02464583  -0.02623528
 -0.07952565   0.02549712     0.02830038   0.03015736    -0.02464583  -0.02623528
 -0.03269654  -0.02273936    -0.03269654  -0.02273936     0.03503037   0.03809152
    2    2
  0.17829362   0.00000000     0.01690991   0.00000000     0.01195257  -0.00669410
  0.01690991   0.00000000     0.17829362   0.00000000     0.01195257  -0.00669410
  0.01195257   0.00669410     0.01195257   0.00669410     0.20342823   0.00000000

     Dynamical  Matrix in cartesian axes

     q = (   -0.530330086  -0.530330086  -0.176776695 ) 

    1    1
  0.11187549  -0.00000000     0.00692762  -0.00000000     0.00734926   0.01401934
  0.00692762  -0.00000000     0.11187549  -0.00000000     0.00734926   0.01401934
  0.00734926  -0.01401934     0.00734926  -0.01401934     0.16041997  -0.00000000
    1    2
  0.02830038   0.03015736    -0.07952565   0.02549712    -0.03269654  -0.02273936
 -0.07952565   0.02549712     0.02830038   0.03015736    -0.03269654  -0.02273936
 -0.02464583  -0.02623528    -0.02464583  -0.02623528     0.03503037   0.03809152
    2    1
  0.02830038  -0.03015736    -0.07952565  -0.02549712    -0.02464583   0.02623528
 -0.07952565  -0.02549712     0.02830038  -0.03015736    -0.02464583   0.02623528
 -0.03269654   0.02273936    -0.03269654   0.02273936     0.03503037  -0.03809152
    2    2
  0.17829362  -0.00000000     0.01690991  -0.00000000     0.01195257   0.00669410
  0.01690991  -0.00000000     0.17829362  -0.00000000     0.01195257   0.00669410
  0.01195257  -0.00669410     0.01195257  -0.00669410     0.20342823  -0.00000000

     Dynamical  Matrix in cartesian axes

     q = (    0.530330086  -0.530330086  -0.176776695 ) 

    1    1
  0.11187549   0.00000000    -0.00692762   0.00000000    -0.00734926   0.01401934
 -0.00692762   0.00000000     0.11187549   0.00000000     0.00734926  -0.01401934
 -0.00734926  -0.01401934     0.00734926   0.01401934     0.16041997   0.00000000
    1    2
 -0.02830038   0.03015736    -0.07952565  -0.02549712    -0.03269654   0.02273936
 -0.07952565  -0.02549712    -0.02830038   0.03015736     0.03269654  -0.02273936
 -0.02464583   0.02623528     0.02464583  -0.02623528    -0.03503037   0.03809152
    2    1
 -0.02830038  -0.03015736    -0.07952565   0.02549712    -0.02464583  -0.02623528
 -0.07952565   0.02549712    -0.02830038  -0.03015736     0.02464583   0.02623528
 -0.03269654  -0.02273936     0.03269654   0.02273936    -0.03503037  -0.03809152
    2    2
  0.17829362   0.00000000    -0.01690991   0.00000000    -0.01195257   0.00669410
 -0.01690991   0.00000000     0.17829362   0.00000000     0.01195257  -0.00669410
 -0.01195257  -0.00669410     0.01195257   0.00669410     0.20342823   0.00000000

     Dynamical  Matrix in cartesian axes

     q = (   -0.530330086   0.530330086   0.176776695 ) 

    1    1
  0.11187549  -0.00000000    -0.00692762  -0.00000000    -0.00734926  -0.01401934
 -0.00692762  -0.00000000     0.11187549  -0.00000000     0.00734926   0.01401934
 -0.00734926   0.01401934     0.00734926  -0.01401934     0.16041997  -0.00000000
    1    2
 -0.02830038  -0.03015736    -0.07952565   0.02549712    -0.03269654  -0.02273936
 -0.07952565   0.02549712    -0.02830038  -0.03015736     0.03269654   0.02273936
 -0.02464583  -0.02623528     0.02464583   0.02623528    -0.03503037  -0.03809152
    2    1
 -0.02830038   0.03015736    -0.07952565  -0.02549712    -0.02464583   0.02623528
 -0.07952565  -0.02549712    -0.02830038   0.03015736     0.02464583  -0.02623528
 -0.03269654   0.02273936     0.03269654  -0.02273936    -0.03503037   0.03809152
    2    2
  0.17829362  -0.00000000    -0.01690991  -0.00000000    -0.01195257  -0.00669410
 -0.01690991  -0.00000000     0.17829362  -0.00000000     0.01195257   0.00669410
 -0.01195257   0.00669410     0.01195257  -0.00669410     0.20342823  -0.00000000

     Diagonalizing the dynamical matrix

     q = (   -0.176776695  -0.530330086   0.530330086 ) 

 **************************************************************************
     freq (    1) =       1.907678 [THz] =      63.633293 [cm-1]
 (  0.000000 -0.000000  0.555214 -0.023996  0.555214 -0.023996 ) 
 (  0.000000 -0.000000  0.437220  0.000000  0.437220 -0.000000 ) 
     freq (    2) =       2.495736 [THz] =      83.248800 [cm-1]
 ( -0.179055  0.375594 -0.240506 -0.436182  0.240506  0.436182 ) 
 ( -0.201878  0.254982  0.335338  0.000000 -0.335338  0.000000 ) 
     freq (    3) =       4.704017 [THz] =     156.909125 [cm-1]
 ( -0.535140 -0.147148 -0.257199  0.210799  0.257199 -0.210799 ) 
 (  0.120319 -0.555609  0.271679 -0.000000 -0.271679  0.000000 ) 
     freq (    4) =       6.160581 [THz] =     205.494859 [cm-1]
 (  0.678214  0.128906  0.216208 -0.062306 -0.216208  0.062306 ) 
 (  0.130428 -0.407646  0.345663  0.000000 -0.345663  0.000000 ) 
     freq (    5) =       6.299894 [THz] =     210.141856 [cm-1]
 ( -0.000000  0.000000 -0.486643  0.021033 -0.486643  0.021033 ) 
 ( -0.000000  0.000000  0.512578  0.000000  0.512578  0.000000 ) 
     freq (    6) =       6.659251 [THz] =     222.128702 [cm-1]
 ( -0.078623 -0.357585  0.205682  0.305279 -0.205682 -0.305279 ) 
 ( -0.023016  0.546389  0.384629  0.000000 -0.384629  0.000000 ) 
 **************************************************************************
