Dynamical matrix file
Phonon calculation                                                         
  2    2   0   7.5749673   0.0000000   0.0000000   0.0000000   0.0000000   0.0000000
Basis vectors
      0.000000000    0.707106781    0.707106781
      0.707106781    0.000000000    0.707106781
      0.707106781    0.707106781    0.000000000
           1  'Zn     '    59590.224614443956     
           2  'Se     '    71977.663322533714     
    1    1      0.0000000000      0.0000000000      0.0000000000
    2    2      0.3535533906      0.3535533906      0.3535533906

     Dynamical  Matrix in cartesian axes

     q = (    0.000000000  -0.353553391   0.353553391 ) 

    1    1
  0.13234289   0.00000000     0.00000000   0.01708701     0.00000000  -0.01708701
  0.00000000  -0.01708701     0.12524512   0.00000000    -0.01567426   0.00000000
  0.00000000   0.01708701    -0.01567426   0.00000000     0.12524512   0.00000000
    1    2
 -0.06261393   0.00000000     0.00000000  -0.06227376     0.00000000   0.06227376
  0.00000000  -0.04959962    -0.06365897   0.00000000    -0.04423744   0.00000000
  0.00000000   0.04959962    -0.04423744   0.00000000    -0.06365897   0.00000000
    2    1
 -0.06261393   0.00000000    -0.00000000   0.04959962     0.00000000  -0.04959962
  0.00000000   0.06227376    -0.06365897   0.00000000    -0.04423744   0.00000000
  0.00000000  -0.06227376    -0.04423744   0.00000000    -0.06365897   0.00000000
    2    2
  0.18203835   0.00000000    -0.00000000   0.00751905     0.00000000  -0.00751905
  0.00000000  -0.00751905     0.17859940   0.00000000    -0.03196074   0.00000000
 -0.00000000   0.00751905    -0.03196074   0.00000000     0.17859940   0.00000000

     Dynamical  Matrix in cartesian axes

     q = (    0.000000000   0.353553391  -0.353553391 ) 

    1    1
  0.13234289   0.00000000     0.00000000  -0.01708701     0.00000000   0.01708701
  0.00000000   0.01708701     0.12524512   0.00000000    -0.01567426   0.00000000
  0.00000000  -0.01708701    -0.01567426   0.00000000     0.12524512   0.00000000
    1    2
 -0.06261393   0.00000000     0.00000000   0.06227376     0.00000000  -0.06227376
  0.00000000   0.04959962    -0.06365897   0.00000000    -0.04423744   0.00000000
  0.00000000  -0.04959962    -0.04423744   0.00000000    -0.06365897   0.00000000
    2    1
 -0.06261393   0.00000000    -0.00000000  -0.04959962     0.00000000   0.04959962
  0.00000000  -0.06227376    -0.06365897   0.00000000    -0.04423744   0.00000000
  0.00000000   0.06227376    -0.04423744   0.00000000    -0.06365897   0.00000000
    2    2
  0.18203835   0.00000000     0.00000000  -0.00751905     0.00000000   0.00751905
 -0.00000000   0.00751905     0.17859940   0.00000000    -0.03196074   0.00000000
  0.00000000  -0.00751905    -0.03196074   0.00000000     0.17859940   0.00000000

     Dynamical  Matrix in cartesian axes

     q = (   -0.353553391   0.000000000   0.353553391 ) 

    1    1
  0.12524512   0.00000000     0.00000000  -0.01708701    -0.01567426   0.00000000
  0.00000000   0.01708701     0.13234289   0.00000000     0.00000000  -0.01708701
 -0.01567426   0.00000000     0.00000000   0.01708701     0.12524512   0.00000000
    1    2
 -0.06365897   0.00000000     0.00000000  -0.04959962    -0.04423744   0.00000000
  0.00000000  -0.06227376    -0.06261393   0.00000000     0.00000000   0.06227376
 -0.04423744   0.00000000     0.00000000   0.04959962    -0.06365897   0.00000000
    2    1
 -0.06365897   0.00000000     0.00000000   0.06227376    -0.04423744   0.00000000
  0.00000000   0.04959962    -0.06261393   0.00000000     0.00000000  -0.04959962
 -0.04423744   0.00000000    -0.00000000  -0.06227376    -0.06365897   0.00000000
    2    2
  0.17859940   0.00000000     0.00000000  -0.00751905    -0.03196074   0.00000000
  0.00000000   0.00751905     0.18203835   0.00000000     0.00000000  -0.00751905
 -0.03196074   0.00000000    -0.00000000   0.00751905     0.17859940   0.00000000

     Dynamical  Matrix in cartesian axes

     q = (   -0.353553391  -0.353553391   0.000000000 ) 

    1    1
  0.12524512   0.00000000     0.01567426   0.00000000     0.00000000   0.01708701
  0.01567426   0.00000000     0.12524512   0.00000000     0.00000000   0.01708701
  0.00000000  -0.01708701     0.00000000  -0.01708701     0.13234289   0.00000000
    1    2
  0.00000000  -0.06365897    -0.00000000   0.04423744    -0.04959962  -0.00000000
 -0.00000000   0.04423744     0.00000000  -0.06365897    -0.04959962  -0.00000000
 -0.06227376  -0.00000000    -0.06227376  -0.00000000     0.00000000  -0.06261393
    2    1
  0.00000000   0.06365897    -0.00000000  -0.04423744    -0.06227376   0.00000000
 -0.00000000  -0.04423744     0.00000000   0.06365897    -0.06227376   0.00000000
 -0.04959962   0.00000000    -0.04959962   0.00000000     0.00000000   0.06261393
    2    2
  0.17859940   0.00000000     0.03196074   0.00000000     0.00000000   0.00751905
  0.03196074   0.00000000     0.17859940   0.00000000    -0.00000000   0.00751905
  0.00000000  -0.00751905     0.00000000  -0.00751905     0.18203835   0.00000000

     Dynamical  Matrix in cartesian axes

     q = (    0.000000000  -0.353553391  -0.353553391 ) 

    1    1
  0.13234289   0.00000000     0.00000000  -0.01708701    -0.00000000  -0.01708701
  0.00000000   0.01708701     0.12524512   0.00000000     0.01567426   0.00000000
 -0.00000000   0.01708701     0.01567426   0.00000000     0.12524512   0.00000000
    1    2
  0.00000000  -0.06261393    -0.06227376  -0.00000000    -0.06227376  -0.00000000
 -0.04959962  -0.00000000     0.00000000  -0.06365897    -0.00000000   0.04423744
 -0.04959962  -0.00000000    -0.00000000   0.04423744     0.00000000  -0.06365897
    2    1
  0.00000000   0.06261393    -0.04959962   0.00000000    -0.04959962   0.00000000
 -0.06227376   0.00000000     0.00000000   0.06365897    -0.00000000  -0.04423744
 -0.06227376   0.00000000    -0.00000000  -0.04423744     0.00000000   0.06365897
    2    2
  0.18203835   0.00000000    -0.00000000  -0.00751905     0.00000000  -0.00751905
 -0.00000000   0.00751905     0.17859940   0.00000000     0.03196074   0.00000000
  0.00000000   0.00751905     0.03196074   0.00000000     0.17859940   0.00000000

     Dynamical  Matrix in cartesian axes

     q = (    0.000000000   0.353553391   0.353553391 ) 

    1    1
  0.13234289   0.00000000     0.00000000   0.01708701    -0.00000000   0.01708701
  0.00000000  -0.01708701     0.12524512   0.00000000     0.01567426   0.00000000
 -0.00000000  -0.01708701     0.01567426   0.00000000     0.12524512   0.00000000
    1    2
  0.00000000   0.06261393    -0.06227376   0.00000000    -0.06227376   0.00000000
 -0.04959962   0.00000000     0.00000000   0.06365897    -0.00000000  -0.04423744
 -0.04959962   0.00000000    -0.00000000  -0.04423744     0.00000000   0.06365897
    2    1
  0.00000000  -0.06261393    -0.04959962  -0.00000000    -0.04959962  -0.00000000
 -0.06227376  -0.00000000     0.00000000  -0.06365897    -0.00000000   0.04423744
 -0.06227376  -0.00000000    -0.00000000   0.04423744     0.00000000  -0.06365897
    2    2
  0.18203835   0.00000000    -0.00000000   0.00751905     0.00000000   0.00751905
 -0.00000000  -0.00751905     0.17859940   0.00000000     0.03196074   0.00000000
  0.00000000  -0.00751905     0.03196074   0.00000000     0.17859940   0.00000000

     Dynamical  Matrix in cartesian axes

     q = (    0.353553391   0.000000000  -0.353553391 ) 

    1    1
  0.12524512   0.00000000     0.00000000   0.01708701    -0.01567426   0.00000000
  0.00000000  -0.01708701     0.13234289   0.00000000     0.00000000   0.01708701
 -0.01567426   0.00000000     0.00000000  -0.01708701     0.12524512   0.00000000
    1    2
 -0.06365897   0.00000000     0.00000000   0.04959962    -0.04423744   0.00000000
  0.00000000   0.06227376    -0.06261393   0.00000000     0.00000000  -0.06227376
 -0.04423744   0.00000000     0.00000000  -0.04959962    -0.06365897   0.00000000
    2    1
 -0.06365897   0.00000000     0.00000000  -0.06227376    -0.04423744   0.00000000
  0.00000000  -0.04959962    -0.06261393   0.00000000     0.00000000   0.04959962
 -0.04423744   0.00000000    -0.00000000   0.06227376    -0.06365897   0.00000000
    2    2
  0.17859940   0.00000000    -0.00000000   0.00751905    -0.03196074   0.00000000
  0.00000000  -0.00751905     0.18203835   0.00000000     0.00000000   0.00751905
 -0.03196074   0.00000000     0.00000000  -0.00751905     0.17859940   0.00000000

     Dynamical  Matrix in cartesian axes

     q = (    0.353553391   0.000000000   0.353553391 ) 

    1    1
  0.12524512   0.00000000     0.00000000  -0.01708701     0.01567426   0.00000000
 -0.00000000   0.01708701     0.13234289   0.00000000     0.00000000   0.01708701
  0.01567426   0.00000000     0.00000000  -0.01708701     0.12524512   0.00000000
    1    2
  0.00000000   0.06365897    -0.04959962   0.00000000    -0.00000000  -0.04423744
 -0.06227376   0.00000000     0.00000000   0.06261393    -0.06227376   0.00000000
 -0.00000000  -0.04423744    -0.04959962   0.00000000     0.00000000   0.06365897
    2    1
  0.00000000  -0.06365897    -0.06227376  -0.00000000    -0.00000000   0.04423744
 -0.04959962  -0.00000000     0.00000000  -0.06261393    -0.04959962  -0.00000000
 -0.00000000   0.04423744    -0.06227376  -0.00000000     0.00000000  -0.06365897
    2    2
  0.17859940   0.00000000     0.00000000  -0.00751905     0.03196074   0.00000000
 -0.00000000   0.00751905     0.18203835   0.00000000    -0.00000000   0.00751905
  0.03196074   0.00000000     0.00000000  -0.00751905     0.17859940   0.00000000

     Dynamical  Matrix in cartesian axes

     q = (   -0.353553391   0.000000000  -0.353553391 ) 

    1    1
  0.12524512   0.00000000     0.00000000   0.01708701     0.01567426   0.00000000
 -0.00000000  -0.01708701     0.13234289   0.00000000     0.00000000  -0.01708701
  0.01567426   0.00000000     0.00000000   0.01708701     0.12524512   0.00000000
    1    2
  0.00000000  -0.06365897    -0.04959962  -0.00000000    -0.00000000   0.04423744
 -0.06227376  -0.00000000     0.00000000  -0.06261393    -0.06227376  -0.00000000
 -0.00000000   0.04423744    -0.04959962  -0.00000000     0.00000000  -0.06365897
    2    1
  0.00000000   0.06365897    -0.06227376   0.00000000    -0.00000000  -0.04423744
 -0.04959962   0.00000000     0.00000000   0.06261393    -0.04959962   0.00000000
 -0.00000000  -0.04423744    -0.06227376   0.00000000     0.00000000   0.06365897
    2    2
  0.17859940   0.00000000    -0.00000000   0.00751905     0.03196074   0.00000000
  0.00000000  -0.00751905     0.18203835   0.00000000     0.00000000  -0.00751905
  0.03196074   0.00000000    -0.00000000   0.00751905     0.17859940   0.00000000

     Dynamical  Matrix in cartesian axes

     q = (   -0.353553391   0.353553391   0.000000000 ) 

    1    1
  0.12524512   0.00000000    -0.01567426   0.00000000     0.00000000  -0.01708701
 -0.01567426   0.00000000     0.12524512   0.00000000    -0.00000000   0.01708701
 -0.00000000   0.01708701     0.00000000  -0.01708701     0.13234289   0.00000000
    1    2
 -0.06365897   0.00000000    -0.04423744   0.00000000     0.00000000  -0.04959962
 -0.04423744   0.00000000    -0.06365897   0.00000000     0.00000000   0.04959962
 -0.00000000  -0.06227376     0.00000000   0.06227376    -0.06261393   0.00000000
    2    1
 -0.06365897   0.00000000    -0.04423744   0.00000000     0.00000000   0.06227376
 -0.04423744   0.00000000    -0.06365897   0.00000000    -0.00000000  -0.06227376
 -0.00000000   0.04959962     0.00000000  -0.04959962    -0.06261393   0.00000000
    2    2
  0.17859940   0.00000000    -0.03196074   0.00000000     0.00000000  -0.00751905
 -0.03196074   0.00000000     0.17859940   0.00000000    -0.00000000   0.00751905
 -0.00000000   0.00751905     0.00000000  -0.00751905     0.18203835   0.00000000

     Dynamical  Matrix in cartesian axes

     q = (    0.353553391   0.353553391   0.000000000 ) 

    1    1
  0.12524512   0.00000000     0.01567426   0.00000000     0.00000000  -0.01708701
  0.01567426   0.00000000     0.12524512   0.00000000     0.00000000  -0.01708701
  0.00000000   0.01708701     0.00000000   0.01708701     0.13234289   0.00000000
    1    2
  0.00000000   0.06365897    -0.00000000  -0.04423744    -0.04959962   0.00000000
 -0.00000000  -0.04423744     0.00000000   0.06365897    -0.04959962   0.00000000
 -0.06227376   0.00000000    -0.06227376   0.00000000     0.00000000   0.06261393
    2    1
  0.00000000  -0.06365897    -0.00000000   0.04423744    -0.06227376  -0.00000000
 -0.00000000   0.04423744     0.00000000  -0.06365897    -0.06227376  -0.00000000
 -0.04959962  -0.00000000    -0.04959962  -0.00000000     0.00000000  -0.06261393
    2    2
  0.17859940   0.00000000     0.03196074   0.00000000     0.00000000  -0.00751905
  0.03196074   0.00000000     0.17859940   0.00000000    -0.00000000  -0.00751905
 -0.00000000   0.00751905    -0.00000000   0.00751905     0.18203835   0.00000000

     Dynamical  Matrix in cartesian axes

     q = (    0.353553391  -0.353553391   0.000000000 ) 

    1    1
  0.12524512   0.00000000    -0.01567426   0.00000000     0.00000000   0.01708701
 -0.01567426   0.00000000     0.12524512   0.00000000    -0.00000000  -0.01708701
 -0.00000000  -0.01708701     0.00000000   0.01708701     0.13234289   0.00000000
    1    2
 -0.06365897   0.00000000    -0.04423744   0.00000000     0.00000000   0.04959962
 -0.04423744   0.00000000    -0.06365897   0.00000000     0.00000000  -0.04959962
 -0.00000000   0.06227376     0.00000000  -0.06227376    -0.06261393   0.00000000
    2    1
 -0.06365897   0.00000000    -0.04423744   0.00000000     0.00000000  -0.06227376
 -0.04423744   0.00000000    -0.06365897   0.00000000    -0.00000000   0.06227376
 -0.00000000  -0.04959962     0.00000000   0.04959962    -0.06261393   0.00000000
    2    2
  0.17859940   0.00000000    -0.03196074   0.00000000     0.00000000   0.00751905
 -0.03196074   0.00000000     0.17859940   0.00000000    -0.00000000  -0.00751905
  0.00000000  -0.00751905    -0.00000000   0.00751905     0.18203835   0.00000000

     Diagonalizing the dynamical matrix

     q = (    0.000000000  -0.353553391   0.353553391 ) 

 **************************************************************************
     freq (    1) =       1.764102 [THz] =      58.844120 [cm-1]
 ( -0.000000 -0.000000  0.536989  0.000000  0.536989 -0.000000 ) 
 (  0.000000 -0.000000  0.460046  0.000000  0.460046  0.000000 ) 
     freq (    2) =       2.520134 [THz] =      84.062631 [cm-1]
 (  0.000000 -0.685780  0.312708  0.000000 -0.312708  0.000000 ) 
 ( -0.000000 -0.508066 -0.194939 -0.000000  0.194939  0.000000 ) 
     freq (    3) =       4.232717 [THz] =     141.188248 [cm-1]
 ( -0.000000 -0.423194 -0.427404 -0.000000  0.427404 -0.000000 ) 
 (  0.000000  0.350366 -0.407923 -0.000000  0.407923  0.000000 ) 
     freq (    4) =       6.178155 [THz] =     206.081083 [cm-1]
 ( -0.000000 -0.056809 -0.514726  0.000000  0.514726 -0.000000 ) 
 ( -0.000000 -0.618580  0.205239 -0.000000 -0.205239  0.000000 ) 
     freq (    5) =       6.232040 [THz] =     207.878492 [cm-1]
 ( -0.000000 -0.000000 -0.508478  0.000000 -0.508478 -0.000000 ) 
 ( -0.000000 -0.000000  0.491376 -0.000000  0.491376  0.000000 ) 
     freq (    6) =       6.799150 [THz] =     226.795244 [cm-1]
 (  0.000000  0.662981  0.014547 -0.000000 -0.014547 -0.000000 ) 
 ( -0.000000 -0.374472 -0.458151  0.000000  0.458151  0.000000 ) 
 **************************************************************************
