Dynamical matrix file
Phonon calculation                                                         
  2    2   0   7.5749673   0.0000000   0.0000000   0.0000000   0.0000000   0.0000000
Basis vectors
      0.000000000    0.707106781    0.707106781
      0.707106781    0.000000000    0.707106781
      0.707106781    0.707106781    0.000000000
           1  'Zn     '    59590.224614443956     
           2  'Se     '    71977.663322533714     
    1    1      0.0000000000      0.0000000000      0.0000000000
    2    2      0.3535533906      0.3535533906      0.3535533906

     Dynamical  Matrix in cartesian axes

     q = (   -0.707106781   0.000000000   0.000000000 ) 

    1    1
  0.19528489   0.00000000     0.00000000   0.00000000    -0.00000000   0.00000000
  0.00000000   0.00000000     0.09962323   0.00000000     0.00000000   0.00000000
  0.00000000   0.00000000    -0.00000000   0.00000000     0.09962323   0.00000000
    1    2
  0.00000000   0.00000000     0.00000000   0.00000000    -0.00000000  -0.00000000
  0.00000000   0.00000000     0.00000000   0.00000000    -0.10845230  -0.00000000
 -0.00000000   0.00000000    -0.10845230  -0.00000000     0.00000000   0.00000000
    2    1
  0.00000000   0.00000000     0.00000000   0.00000000     0.00000000   0.00000000
  0.00000000   0.00000000     0.00000000  -0.00000000    -0.10845230   0.00000000
  0.00000000  -0.00000000    -0.10845230   0.00000000     0.00000000  -0.00000000
    2    2
  0.22131442   0.00000000     0.00000000   0.00000000     0.00000000   0.00000000
 -0.00000000   0.00000000     0.17690283   0.00000000    -0.00000000   0.00000000
  0.00000000   0.00000000    -0.00000000   0.00000000     0.17690283   0.00000000

     Dynamical  Matrix in cartesian axes

     q = (    0.000000000  -0.707106781   0.000000000 ) 

    1    1
  0.09962323   0.00000000     0.00000000   0.00000000     0.00000000   0.00000000
  0.00000000   0.00000000     0.19528489   0.00000000    -0.00000000   0.00000000
  0.00000000   0.00000000    -0.00000000   0.00000000     0.09962323   0.00000000
    1    2
 -0.00000000   0.00000000    -0.00000000   0.00000000    -0.10845230  -0.00000000
  0.00000000   0.00000000     0.00000000   0.00000000    -0.00000000  -0.00000000
 -0.10845230  -0.00000000    -0.00000000   0.00000000     0.00000000   0.00000000
    2    1
  0.00000000  -0.00000000     0.00000000   0.00000000    -0.10845230   0.00000000
  0.00000000   0.00000000     0.00000000   0.00000000     0.00000000   0.00000000
 -0.10845230   0.00000000     0.00000000  -0.00000000     0.00000000  -0.00000000
    2    2
  0.17690283   0.00000000     0.00000000   0.00000000    -0.00000000   0.00000000
  0.00000000   0.00000000     0.22131442   0.00000000     0.00000000   0.00000000
 -0.00000000   0.00000000     0.00000000   0.00000000     0.17690283   0.00000000

     Dynamical  Matrix in cartesian axes

     q = (    0.000000000   0.000000000  -0.707106781 ) 

    1    1
  0.09962323   0.00000000    -0.00000000   0.00000000    -0.00000000   0.00000000
 -0.00000000   0.00000000     0.09962323   0.00000000     0.00000000   0.00000000
 -0.00000000   0.00000000     0.00000000   0.00000000     0.19528489   0.00000000
    1    2
  0.00000000   0.00000000    -0.10845230  -0.00000000    -0.00000000   0.00000000
 -0.10845230  -0.00000000    -0.00000000   0.00000000    -0.00000000   0.00000000
 -0.00000000  -0.00000000     0.00000000   0.00000000     0.00000000   0.00000000
    2    1
  0.00000000  -0.00000000    -0.10845230   0.00000000     0.00000000   0.00000000
 -0.10845230   0.00000000     0.00000000  -0.00000000     0.00000000   0.00000000
  0.00000000  -0.00000000     0.00000000   0.00000000     0.00000000   0.00000000
    2    2
  0.17690283   0.00000000    -0.00000000   0.00000000     0.00000000   0.00000000
 -0.00000000   0.00000000     0.17690283   0.00000000     0.00000000   0.00000000
  0.00000000   0.00000000     0.00000000   0.00000000     0.22131442   0.00000000

     Diagonalizing the dynamical matrix

     q = (   -0.707106781   0.000000000   0.000000000 ) 

 **************************************************************************
     freq (    1) =       1.981614 [THz] =      66.099535 [cm-1]
 (  0.000000 -0.000000 -0.738822  0.000000  0.336462 -0.000000 ) 
 ( -0.000000  0.000000  0.241996 -0.000000 -0.531388  0.000000 ) 
     freq (    2) =       1.981614 [THz] =      66.099535 [cm-1]
 (  0.000000  0.000000  0.336462  0.000000  0.738822  0.000000 ) 
 ( -0.000000  0.000000  0.531388  0.000000  0.241996  0.000000 ) 
     freq (    3) =       5.768741 [THz] =     192.424479 [cm-1]
 ( -0.000000  0.000000  0.000000  0.000000 -0.000000  0.000000 ) 
 ( -1.000000  0.000000  0.000000 -0.000000  0.000000 -0.000000 ) 
     freq (    4) =       5.955550 [THz] =     198.655749 [cm-1]
 ( -1.000000  0.000000  0.000000  0.000000  0.000000  0.000000 ) 
 (  0.000000  0.000000  0.000000  0.000000 -0.000000  0.000000 ) 
     freq (    5) =       6.384950 [THz] =     212.979004 [cm-1]
 ( -0.000000  0.000000 -0.605919  0.000000  0.250942  0.000000 ) 
 ( -0.000000  0.000000 -0.288854  0.000000  0.697462  0.000000 ) 
     freq (    6) =       6.384950 [THz] =     212.979004 [cm-1]
 ( -0.000000  0.000000 -0.250942  0.000000 -0.605919  0.000000 ) 
 (  0.000000  0.000000  0.697462  0.000000  0.288854  0.000000 ) 
 **************************************************************************
