Dynamical matrix file
Phonon calculation                                                         
  2    2   0   7.5749673   0.0000000   0.0000000   0.0000000   0.0000000   0.0000000
Basis vectors
      0.000000000    0.707106781    0.707106781
      0.707106781    0.000000000    0.707106781
      0.707106781    0.707106781    0.000000000
           1  'Zn     '    59590.224614443956     
           2  'Se     '    71977.663322533714     
    1    1      0.0000000000      0.0000000000      0.0000000000
    2    2      0.3535533906      0.3535533906      0.3535533906

     Dynamical  Matrix in cartesian axes

     q = (   -0.707106781   0.353553391   0.000000000 ) 

    1    1
  0.13635891   0.00000000    -0.00000000   0.00000000     0.00000000  -0.02306662
  0.00000000   0.00000000     0.10006204   0.00000000     0.00000000   0.00000000
  0.00000000   0.02306662     0.00000000   0.00000000     0.13635891   0.00000000
    1    2
 -0.00000000   0.00000000    -0.05021136  -0.05021136     0.00000000   0.00000000
 -0.05597684  -0.05597684     0.00000000  -0.00000000    -0.05597684   0.05597684
  0.00000000   0.00000000    -0.05021136   0.05021136    -0.00000000   0.00000000
    2    1
 -0.00000000   0.00000000    -0.05597684   0.05597684    -0.00000000   0.00000000
 -0.05021136   0.05021136     0.00000000   0.00000000    -0.05021136  -0.05021136
  0.00000000   0.00000000    -0.05597684  -0.05597684     0.00000000   0.00000000
    2    2
  0.20341140   0.00000000     0.00000000   0.00000000     0.00000000  -0.01274941
  0.00000000  -0.00000000     0.18436250  -0.00000000     0.00000000   0.00000000
  0.00000000   0.01274941     0.00000000   0.00000000     0.20341140  -0.00000000

     Dynamical  Matrix in cartesian axes

     q = (    0.707106781  -0.000000000   0.353553391 ) 

    1    1
  0.13635891   0.00000000     0.00000000  -0.02306662    -0.00000000   0.00000000
  0.00000000   0.02306662     0.13635891   0.00000000     0.00000000   0.00000000
  0.00000000   0.00000000    -0.00000000   0.00000000     0.10006204   0.00000000
    1    2
  0.00000000   0.00000000     0.00000000   0.00000000    -0.05021136  -0.05021136
  0.00000000  -0.00000000    -0.00000000  -0.00000000    -0.05021136   0.05021136
 -0.05597684  -0.05597684    -0.05597684   0.05597684    -0.00000000   0.00000000
    2    1
 -0.00000000   0.00000000     0.00000000  -0.00000000    -0.05597684   0.05597684
  0.00000000  -0.00000000     0.00000000   0.00000000    -0.05597684  -0.05597684
 -0.05021136   0.05021136    -0.05021136  -0.05021136     0.00000000  -0.00000000
    2    2
  0.20341140  -0.00000000     0.00000000  -0.01274941     0.00000000  -0.00000000
  0.00000000   0.01274941     0.20341140  -0.00000000     0.00000000   0.00000000
  0.00000000   0.00000000     0.00000000   0.00000000     0.18436250  -0.00000000

     Dynamical  Matrix in cartesian axes

     q = (    0.707106781   0.000000000  -0.353553391 ) 

    1    1
  0.13635891   0.00000000     0.00000000   0.02306662    -0.00000000   0.00000000
  0.00000000  -0.02306662     0.13635891   0.00000000     0.00000000   0.00000000
  0.00000000   0.00000000    -0.00000000   0.00000000     0.10006204   0.00000000
    1    2
  0.00000000   0.00000000    -0.00000000   0.00000000    -0.05021136   0.05021136
 -0.00000000  -0.00000000     0.00000000  -0.00000000    -0.05021136  -0.05021136
 -0.05597684   0.05597684    -0.05597684  -0.05597684    -0.00000000  -0.00000000
    2    1
 -0.00000000  -0.00000000     0.00000000  -0.00000000    -0.05597684  -0.05597684
  0.00000000   0.00000000    -0.00000000   0.00000000    -0.05597684   0.05597684
 -0.05021136  -0.05021136    -0.05021136   0.05021136     0.00000000  -0.00000000
    2    2
  0.20341140  -0.00000000     0.00000000   0.01274941     0.00000000   0.00000000
  0.00000000  -0.01274941     0.20341140  -0.00000000     0.00000000   0.00000000
  0.00000000   0.00000000     0.00000000   0.00000000     0.18436250  -0.00000000

     Dynamical  Matrix in cartesian axes

     q = (    0.707106781  -0.353553391   0.000000000 ) 

    1    1
  0.13635891   0.00000000    -0.00000000   0.00000000     0.00000000   0.02306662
  0.00000000   0.00000000     0.10006204   0.00000000     0.00000000   0.00000000
  0.00000000  -0.02306662     0.00000000   0.00000000     0.13635891   0.00000000
    1    2
 -0.00000000   0.00000000    -0.05021136   0.05021136     0.00000000  -0.00000000
 -0.05597684   0.05597684    -0.00000000   0.00000000    -0.05597684  -0.05597684
  0.00000000  -0.00000000    -0.05021136  -0.05021136     0.00000000   0.00000000
    2    1
 -0.00000000  -0.00000000    -0.05597684  -0.05597684     0.00000000   0.00000000
 -0.05021136  -0.05021136     0.00000000   0.00000000    -0.05021136   0.05021136
  0.00000000   0.00000000    -0.05597684   0.05597684    -0.00000000  -0.00000000
    2    2
  0.20341140  -0.00000000     0.00000000  -0.00000000     0.00000000   0.01274941
 -0.00000000  -0.00000000     0.18436250  -0.00000000     0.00000000   0.00000000
  0.00000000  -0.01274941     0.00000000   0.00000000     0.20341140  -0.00000000

     Dynamical  Matrix in cartesian axes

     q = (   -0.353553391   0.707106781   0.000000000 ) 

    1    1
  0.10006204   0.00000000    -0.00000000   0.00000000     0.00000000   0.00000000
 -0.00000000   0.00000000     0.13635891   0.00000000    -0.00000000   0.02306662
  0.00000000   0.00000000     0.00000000  -0.02306662     0.13635891   0.00000000
    1    2
 -0.00000000   0.00000000    -0.05597684   0.05597684    -0.05597684  -0.05597684
 -0.05021136   0.05021136     0.00000000   0.00000000     0.00000000  -0.00000000
 -0.05021136  -0.05021136     0.00000000  -0.00000000     0.00000000   0.00000000
    2    1
  0.00000000   0.00000000    -0.05021136  -0.05021136    -0.05021136   0.05021136
 -0.05597684  -0.05597684     0.00000000  -0.00000000     0.00000000   0.00000000
 -0.05597684   0.05597684     0.00000000   0.00000000    -0.00000000  -0.00000000
    2    2
  0.18436250  -0.00000000     0.00000000  -0.00000000     0.00000000   0.00000000
 -0.00000000  -0.00000000     0.20341140  -0.00000000     0.00000000   0.01274941
  0.00000000   0.00000000     0.00000000  -0.01274941     0.20341140  -0.00000000

     Dynamical  Matrix in cartesian axes

     q = (    0.353553391   0.707106781  -0.000000000 ) 

    1    1
  0.10006204   0.00000000    -0.00000000   0.00000000     0.00000000   0.00000000
 -0.00000000   0.00000000     0.13635891   0.00000000    -0.00000000  -0.02306662
  0.00000000   0.00000000     0.00000000   0.02306662     0.13635891   0.00000000
    1    2
 -0.00000000  -0.00000000    -0.05597684  -0.05597684    -0.05597684   0.05597684
 -0.05021136  -0.05021136    -0.00000000  -0.00000000     0.00000000   0.00000000
 -0.05021136   0.05021136     0.00000000   0.00000000    -0.00000000  -0.00000000
    2    1
  0.00000000   0.00000000    -0.05021136   0.05021136    -0.05021136  -0.05021136
 -0.05597684   0.05597684    -0.00000000   0.00000000     0.00000000  -0.00000000
 -0.05597684  -0.05597684     0.00000000  -0.00000000    -0.00000000   0.00000000
    2    2
  0.18436250  -0.00000000     0.00000000   0.00000000     0.00000000   0.00000000
 -0.00000000  -0.00000000     0.20341140  -0.00000000     0.00000000  -0.01274941
  0.00000000   0.00000000     0.00000000   0.01274941     0.20341140  -0.00000000

     Diagonalizing the dynamical matrix

     q = (   -0.707106781   0.353553391   0.000000000 ) 

 **************************************************************************
     freq (    1) =       2.344868 [THz] =      78.216386 [cm-1]
 (  0.000000 -0.000000  0.600064 -0.600064 -0.000000 -0.000000 ) 
 (  0.000000 -0.374062 -0.000000 -0.000000  0.374062 -0.000000 ) 
     freq (    2) =       2.678329 [THz] =      89.339447 [cm-1]
 (  0.234200 -0.519445 -0.000000  0.000000 -0.519445 -0.234200 ) 
 (  0.000000  0.000000 -0.209614 -0.553821 -0.000000  0.000000 ) 
     freq (    3) =       5.354368 [THz] =     178.602495 [cm-1]
 (  0.000000 -0.000000  0.000000 -0.000000  0.000000  0.000000 ) 
 ( -0.000000 -0.707107  0.000000  0.000000 -0.707107  0.000000 ) 
     freq (    4) =       5.381043 [THz] =     179.492270 [cm-1]
 ( -0.364448  0.605952  0.000000  0.000000 -0.605952 -0.364448 ) 
 ( -0.000000 -0.000000 -0.000000 -0.000000 -0.000000  0.000000 ) 
     freq (    5) =       6.412898 [THz] =     213.911247 [cm-1]
 ( -0.239302  0.403821  0.000000 -0.000000  0.403821  0.239302 ) 
 (  0.000000  0.000000 -0.185349 -0.724550 -0.000000  0.000000 ) 
     freq (    6) =       6.721516 [THz] =     224.205633 [cm-1]
 (  0.000000 -0.000000  0.425331 -0.425331 -0.000000 -0.000000 ) 
 (  0.000000  0.564883  0.000000  0.000000 -0.564883  0.000000 ) 
 **************************************************************************
